time,gaze_x,gaze_y,key,mouse_dx,mouse_dy,mouse_key
2019-11-05 15:32:14.584595594,944.131996738842,522.323188610379,"{'W','W'}",0.0,0.0,{}
2019-11-05 15:32:14.591738451,,,{'W'},0.0,0.0,{}
2019-11-05 15:32:14.598881308,961.69975790349,530.961302048006,"{'W','W'}",0.0,0.0,{}
2019-11-05 15:32:14.606024165,961.8692639895689,531.022783880858,"{'W','W'}",0.0,0.0,{}
2019-11-05 15:32:14.613167022,,,"{'W','W'}",0.0,0.0,{}
2019-11-05 15:32:14.620309879,1119.9506139842301,633.562002637394,"{'D','W'}",0.0,0.0,{}
2019-11-05 15:32:14.627452736,1202.80275903963,687.650534591535,"{'D','W','D','W'}",0.0,0.0,{}
2019-11-05 15:32:14.634595593,,,"{'D','W','D','W'}",0.0,0.0,{}
2019-11-05 15:32:14.641738450,1194.0208612620802,684.984934991624,"{'D','W'}",-27.5,5.0,{}
2019-11-05 15:32:14.648881307,1243.41255692408,718.4092736887841,"{'D','W','D','W','D','W'}",-59.0,11.5,{}
2019-11-05 15:32:14.656024164,,,"{'D','W'}",-70.0,12.0,{}
2019-11-05 15:32:14.663167021,1285.71938296797,746.293860912331,"{'D','W','D','W'}",-86.0,13.0,{}
2019-11-05 15:32:14.670309878,,,"{'D','W','D','W'}",-102.5,14.0,{}
2019-11-05 15:32:14.677452735,1322.91956886429,770.942173745207,"{'D','W','D','W'}",-72.0,10.0,{}
2019-11-05 15:32:14.684595592,1374.64113495178,805.543066650827,"{'D','W'}",-113.5,11.0,{}
2019-11-05 15:32:14.691738449,,,"{'D','W','D','W'}",-118.5,10.5,{}
2019-11-05 15:32:14.698881306,1445.20307090595,852.618133395177,"{'D','W','D','W'}",-125.0,7.5,{}
2019-11-05 15:32:14.706024163,1462.0285815899697,863.88687976575,"{'D','W','D','W'}",-127.0,6.0,{}
2019-11-05 15:32:14.713167020,,,"{'D','W'}",-127.0,5.0,{}
2019-11-05 15:32:14.720309877,1614.2700832996302,969.340664974926,"{'D','W','W'}",-122.0,1.0,{}
2019-11-05 15:32:14.727452734,1614.35646256041,969.756845906808,"{'W','W'}",-114.0,-2.0,{}
2019-11-05 15:32:14.734595591,,,{'W'},-132.0,-3.0,{}
2019-11-05 15:32:14.741738448,1612.0011388305302,969.051492064474,"{'W','W'}",-100.5,-5.5,{}
2019-11-05 15:32:14.748881305,1612.58844168177,969.2735886517529,"{'W','W'}",-59.0,-3.0,{}
2019-11-05 15:32:14.756024162,,,{'W'},-77.5,-6.5,{}
2019-11-05 15:32:14.763167019,1615.29324292613,971.52421313767,"{'W','W'}",-40.5,-5.0,{}
2019-11-05 15:32:14.770309876,,,"{'W','W'}",-8.5,-1.0,{}
2019-11-05 15:32:14.777452733,1641.42921458118,981.720440794062,{'W'},0.0,0.0,{}
2019-11-05 15:32:14.784595590,1649.21957483858,984.771108830544,"{'W','W'}",0.0,0.0,{}
2019-11-05 15:32:14.791738447,,,{'W'},0.0,0.0,{}
2019-11-05 15:32:14.798881304,1653.7168727695,986.625844138404,"{'W','W'}",0.0,0.0,{}
2019-11-05 15:32:14.806024161,1658.02102143287,988.4059393324301,"{'W','W'}",0.0,0.0,{}
2019-11-05 15:32:14.813167018,,,"{'W','W'}",0.0,0.0,{}
2019-11-05 15:32:14.820309875,1661.4476605505702,989.821589956454,"{'W','W'}",0.0,0.0,{}
2019-11-05 15:32:14.827452732,1662.3048777911301,991.782981682707,{'W'},0.0,0.0,{}
2019-11-05 15:32:14.834595589,,,"{'W','W'}",0.0,0.0,{}
2019-11-05 15:32:14.841738446,1659.18183363147,991.1206133037609,"{'W','W'}",0.0,0.0,{}
2019-11-05 15:32:14.848881303,1656.9285603161802,989.5519825599301,"{'W','W'}",0.0,0.0,{}
2019-11-05 15:32:14.856024160,,,{'W'},0.0,0.0,{}
2019-11-05 15:32:14.863167017,1623.34632735257,974.5858578254041,"{'W','W'}",0.0,0.0,{}
2019-11-05 15:32:14.870309874,,,"{'W','W'}",0.0,0.0,{}
2019-11-05 15:32:14.877452731,1413.35083592116,832.556994504514,"{'W','W'}",0.0,0.0,{}
2019-11-05 15:32:14.884595588,1196.72716555188,678.512636784145,"{'A','W'}",0.0,0.0,{}
2019-11-05 15:32:14.891738445,,,"{'A','W','A','W'}",0.0,0.0,{}
2019-11-05 15:32:14.898881302,1100.74592033829,611.848151813766,"{'A','W','A','W'}",0.0,0.0,{}
2019-11-05 15:32:14.906024159,1092.67379019057,606.144027704269,"{'A','W','A','W'}",0.0,0.0,{}
2019-11-05 15:32:14.913167016,,,"{'A','W'}",0.0,0.0,{}
2019-11-05 15:32:14.920309873,1084.19521489711,600.277758571014,"{'A','W','A','W'}",0.0,0.0,{}
2019-11-05 15:32:14.927452730,1072.80045622804,592.07889503734,"{'A','W','A','W'}",0.0,0.0,{}
2019-11-05 15:32:14.934595587,,,"{'A','W','A','W'}",0.0,0.0,{}
2019-11-05 15:32:14.941738444,1034.08836648596,563.953523884274,"{'A','W'}",0.0,0.0,{}
2019-11-05 15:32:14.948881301,1022.52971914341,553.949746120697,"{'A','W','A','W'}",0.0,0.0,{}
2019-11-05 15:32:14.956024158,,,"{'A','W','A','W'}",0.0,0.0,{}
2019-11-05 15:32:14.963167015,987.840305468304,528.913967197275,"{'A','W','A','W'}",0.0,0.0,{}
2019-11-05 15:32:14.970309872,,,"{'A','W','A','W'}",0.0,0.0,{}
2019-11-05 15:32:14.977452729,983.028318984005,526.393838123639,"{'A','W'}",0.0,0.0,{}
2019-11-05 15:32:14.984595586,981.3299356164861,526.81905101487,"{'A','W','A','W'}",0.0,0.0,{}
2019-11-05 15:32:14.991738443,,,"{'A','W','A','W'}",3.0,-1.0,{}
2019-11-05 15:32:14.998881300,978.2017973563479,526.6409592823339,"{'A','W','A','W'}",11.0,-4.5,{}
2019-11-05 15:32:15.006024157,977.1955777924769,527.831329362786,"{'A','W'}",5.0,-2.0,{}
2019-11-05 15:32:15.013167014,,,"{'W','W'}",2.0,-3.0,{}
2019-11-05 15:32:15.020309871,977.200084380175,527.779683303339,{'W'},1.0,-4.0,{}
2019-11-05 15:32:15.027452728,978.232708335124,527.321201679404,"{'W','W'}",0.5,-4.0,{}
2019-11-05 15:32:15.034595585,,,"{'W','W'}",-1.5,-3.0,{}
2019-11-05 15:32:15.041738442,976.387286581864,530.691615412727,"{'W','W'}",-2.5,-3.0,{}
2019-11-05 15:32:15.048881299,976.235307217414,529.5339453631491,"{'W','W'}",-4.0,-3.0,{}
2019-11-05 15:32:15.056024156,,,{'W'},-5.0,-3.0,{}
2019-11-05 15:32:15.063167013,974.081229381137,530.253019760123,"{'W','W'}",-6.5,-4.0,{}
2019-11-05 15:32:15.070309870,,,"{'W','W'}",-10.5,-3.5,{}
2019-11-05 15:32:15.077452727,925.788953686547,521.894266186874,"{'W','W'}",-13.5,-2.5,{}
2019-11-05 15:32:15.084595584,914.1560241105909,518.294562420747,{'W'},-14.0,-5.0,{}
2019-11-05 15:32:15.091738441,,,"{'W','W'}",-14.0,-6.0,{}
2019-11-05 15:32:15.098881298,912.1135182523219,518.0054875631021,"{'W','W'}",-8.0,-5.0,{}
2019-11-05 15:32:15.106024155,911.571824332299,517.9648526738221,"{'W','W'}",-6.5,-9.0,{}
2019-11-05 15:32:15.113167012,,,{'W'},-3.0,-9.0,{}
2019-11-05 15:32:15.120309869,911.649097082048,517.7179827541829,"{'W','W'}",-0.5,-10.5,{}
2019-11-05 15:32:15.127452726,915.7702967024189,518.100361810471,"{'W','W'}",3.0,-10.5,{}
2019-11-05 15:32:15.134595583,,,{'W'},7.0,-13.0,{}
2019-11-05 15:32:15.141738440,916.4955887681509,518.036009111162,{'W'},6.5,-11.0,{}
2019-11-05 15:32:15.148881297,921.411741974419,518.38334453357,{},5.5,-9.5,{}
2019-11-05 15:32:15.156024154,,,{},2.0,-8.5,{}
2019-11-05 15:32:15.163167011,925.7710987813989,521.778721682138,{},0.0,-8.0,{}
2019-11-05 15:32:15.170309868,,,{},-2.0,-9.5,"{'LEFT','LEFT'}"
2019-11-05 15:32:15.177452725,930.2222133640461,524.966742216639,{},-7.0,-9.5,"{'LEFT','LEFT'}"
2019-11-05 15:32:15.184595582,932.045932477829,528.878498070253,{},-11.5,-8.5,"{'LEFT','LEFT'}"
2019-11-05 15:32:15.191738439,,,{},-9.0,-8.0,{'LEFT'}
2019-11-05 15:32:15.198881296,932.9742456534241,529.727182958442,{},-16.5,-7.5,"{'LEFT','LEFT'}"
2019-11-05 15:32:15.206024153,932.5263158730589,529.455349679759,{},-15.0,-5.5,"{'LEFT','LEFT'}"
2019-11-05 15:32:15.213167010,,,{},-11.0,-2.0,"{'LEFT','LEFT'}"
2019-11-05 15:32:15.220309867,934.5155817178011,530.411461308025,{},-3.0,-0.5,"{'LEFT','LEFT'}"
2019-11-05 15:32:15.227452724,935.727287969731,530.890553321589,{},0.0,0.0,{'LEFT'}
2019-11-05 15:32:15.234595581,,,{},0.0,0.0,"{'LEFT','LEFT'}"
2019-11-05 15:32:15.241738438,936.6498008536901,532.1693501080259,{},2.0,1.0,"{'LEFT','LEFT'}"
2019-11-05 15:32:15.248881295,937.886524189102,536.311806966676,{},5.5,1.5,"{'LEFT','LEFT'}"
2019-11-05 15:32:15.256024152,,,{},10.0,3.0,"{'LEFT','LEFT'}"
2019-11-05 15:32:15.263167009,938.19167265784,537.558934449355,{'A'},4.0,2.0,{'LEFT'}
2019-11-05 15:32:15.270309866,938.400167426739,538.489952023535,"{'A','A'}",1.5,1.0,"{'LEFT','LEFT'}"
2019-11-05 15:32:15.277452723,,,"{'A','A'}",-0.5,0.0,"{'LEFT','LEFT'}"
2019-11-05 15:32:15.284595580,939.969694738076,539.633472589077,"{'A','LCONTROL','A','LCONTROL'}",-3.5,2.0,"{'LEFT','LEFT'}"
2019-11-05 15:32:15.291738437,,,"{'A','LCONTROL','A','LCONTROL'}",-11.5,2.5,{'LEFT'}
2019-11-05 15:32:15.298881294,940.376526467205,540.479512411879,"{'A','LCONTROL','A','LCONTROL'}",-15.0,2.5,"{'LEFT','LEFT'}"
2019-11-05 15:32:15.306024151,941.7537177424949,544.331476803916,"{'A','LCONTROL'}",-20.0,3.0,"{'LEFT','LEFT'}"
2019-11-05 15:32:15.313167008,,,"{'A','LCONTROL','A','LCONTROL'}",-33.5,2.5,{'LEFT'}
2019-11-05 15:32:15.320309865,944.396834453957,551.031999371507,"{'A','LCONTROL'}",-31.0,3.0,"{'LEFT','LEFT'}"
2019-11-05 15:32:15.327452722,945.8518806511121,551.691715530397,"{'A','LCONTROL','A','LCONTROL'}",-29.5,1.5,"{'LEFT','LEFT'}"
2019-11-05 15:32:15.334595579,,,"{'A','LCONTROL','A','LCONTROL'}",-38.5,4.0,"{'LEFT','LEFT'}"
2019-11-05 15:32:15.341738436,947.035029533679,550.954807496576,"{'A','LCONTROL'}",-8.0,2.5,{'LEFT'}
2019-11-05 15:32:15.348881293,947.227203757933,550.602344465462,"{'A','LCONTROL','A','LCONTROL'}",-1.0,1.0,"{'LEFT','LEFT'}"
2019-11-05 15:32:15.356024150,,,"{'A','LCONTROL','A','LCONTROL'}",3.0,0.5,"{'LEFT','LEFT'}"
2019-11-05 15:32:15.363167007,952.087017718882,542.583389497572,"{'A','LCONTROL','A','LCONTROL'}",3.5,0.0,"{'LEFT','LEFT'}"
2019-11-05 15:32:15.370309864,953.8100138411501,539.491787128239,"{'A','LCONTROL'}",4.0,-1.5,{'LEFT'}
2019-11-05 15:32:15.377452721,,,"{'A','LCONTROL','A','LCONTROL'}",8.0,-2.0,"{'LEFT','LEFT'}"
2019-11-05 15:32:15.384595578,952.679452912867,541.807649463564,"{'A','LCONTROL','A','LCONTROL'}",4.5,-2.5,"{'LEFT','LEFT'}"
2019-11-05 15:32:15.391738435,,,"{'A','LCONTROL','A','LCONTROL'}",0.5,-2.5,"{'LEFT','LEFT'}"
2019-11-05 15:32:15.398881292,953.0762869446839,541.133258760006,"{'A','LCONTROL'}",-4.0,-2.5,{'LEFT'}
2019-11-05 15:32:15.406024149,955.013558267306,538.102881139789,"{'A','LCONTROL','A','LCONTROL'}",-16.0,-6.0,"{'LEFT','LEFT'}"
2019-11-05 15:32:15.413167006,,,"{'A','LCONTROL','A','LCONTROL'}",-19.0,-5.0,"{'LEFT','LEFT'}"
2019-11-05 15:32:15.420309863,957.868333870499,534.990232363167,"{'A','LCONTROL'}",-31.0,-4.0,"{'LEFT','LEFT'}"
2019-11-05 15:32:15.427452720,960.120904236832,533.2348190735061,"{'A','LCONTROL','A','LCONTROL'}",-37.5,-1.0,{'LEFT'}
2019-11-05 15:32:15.434595577,,,"{'A','LCONTROL','A','LCONTROL'}",-38.0,0.0,"{'LEFT','LEFT'}"
2019-11-05 15:32:15.441738434,961.285805207903,532.68578275404,"{'A','LCONTROL','A','LCONTROL'}",-33.0,2.0,"{'LEFT','LEFT'}"
2019-11-05 15:32:15.448881291,963.025979295041,532.156875112564,"{'A','LCONTROL','A','LCONTROL'}",-21.5,4.5,"{'LEFT','LEFT'}"
2019-11-05 15:32:15.456024148,,,"{'A','LCONTROL'}",-6.5,3.5,"{'LEFT','LEFT'}"
2019-11-05 15:32:15.463167005,964.144174210159,531.821726548932,"{'A','LCONTROL','A','LCONTROL'}",1.0,1.0,{'LEFT'}
2019-11-05 15:32:15.470309862,,,"{'A','LCONTROL','A','LCONTROL'}",6.0,0.0,"{'LEFT','LEFT'}"
2019-11-05 15:32:15.477452719,967.584498698839,529.950250550854,"{'A','LCONTROL','A','LCONTROL'}",14.5,0.0,"{'LEFT','LEFT'}"
2019-11-05 15:32:15.484595576,967.5605393965379,530.246207877592,"{'A','LCONTROL'}",50.5,-6.0,"{'LEFT','LEFT'}"
2019-11-05 15:32:15.491738433,,,"{'A','LCONTROL','A','LCONTROL'}",35.5,-6.0,{'LEFT'}
2019-11-05 15:32:15.498881290,970.683334614155,527.780863042429,"{'A','LCONTROL','A','LCONTROL'}",38.5,-8.0,"{'LEFT','LEFT'}"
2019-11-05 15:32:15.506024147,971.6622576322391,526.684091861456,"{'A','LCONTROL','A','LCONTROL'}",31.0,-8.0,"{'LEFT','LEFT'}"
2019-11-05 15:32:15.513167004,,,"{'A','LCONTROL','A','LCONTROL'}",45.5,-14.5,"{'LEFT','LEFT'}"
2019-11-05 15:32:15.520309861,972.599303139379,526.072412994857,"{'A','LCONTROL'}",12.5,-8.5,"{'LEFT','LEFT'}"
2019-11-05 15:32:15.527452718,973.5948925506669,524.919769927908,"{'A','LCONTROL','A','LCONTROL'}",14.0,-16.0,{'LEFT'}
2019-11-05 15:32:15.534595575,,,"{'A','LCONTROL','A','LCONTROL'}",-3.0,-5.0,"{'LEFT','LEFT'}"
2019-11-05 15:32:15.541738432,975.804255307157,523.9535822683021,"{'A','LCONTROL','A','LCONTROL'}",-7.0,-3.5,"{'LEFT','LEFT'}"
2019-11-05 15:32:15.548881289,976.868033287746,523.555310911474,"{'A','LCONTROL','A','LCONTROL'}",-10.0,-3.5,"{'LEFT','LEFT'}"
2019-11-05 15:32:15.556024146,,,"{'A','LCONTROL'}",-11.0,-1.0,{'LEFT'}
2019-11-05 15:32:15.563167003,976.8216255216141,521.992340607743,"{'A','LCONTROL','A','LCONTROL'}",-6.5,0.0,"{'LEFT','LEFT'}"
2019-11-05 15:32:15.570309860,,,"{'A','LCONTROL','A','LCONTROL'}",-1.0,0.0,"{'LEFT','LEFT'}"
2019-11-05 15:32:15.577452717,976.4034514450431,521.640468952603,"{'A','LCONTROL','A','LCONTROL'}",0.0,0.0,"{'LEFT','LEFT'}"
2019-11-05 15:32:15.584595574,976.1074406929761,520.829319950381,"{'A','LCONTROL'}",0.5,0.0,{'LEFT'}
2019-11-05 15:32:15.591738431,,,"{'A','LCONTROL','A','LCONTROL'}",3.0,1.0,"{'LEFT','LEFT'}"
2019-11-05 15:32:15.598881288,975.4009904195099,520.514554541811,"{'A','LCONTROL','A','LCONTROL'}",3.0,2.0,"{'LEFT','LEFT'}"
2019-11-05 15:32:15.606024145,973.509789620928,520.13506511434,"{'A','LCONTROL','A','LCONTROL'}",2.0,1.0,"{'LEFT','LEFT'}"
2019-11-05 15:32:15.613167002,,,"{'A','LCONTROL'}",0.0,0.5,"{'LEFT','LEFT'}"
2019-11-05 15:32:15.620309859,972.0589565649859,521.37749493708,"{'A','LCONTROL','A','LCONTROL'}",-1.5,1.5,{'LEFT'}
2019-11-05 15:32:15.627452716,971.747509720452,520.589846823426,"{'A','LCONTROL','A','LCONTROL'}",-7.0,3.0,"{'LEFT','LEFT'}"
2019-11-05 15:32:15.634595573,,,"{'A','LCONTROL','A','LCONTROL'}",-12.0,3.0,"{'LEFT','LEFT'}"
2019-11-05 15:32:15.641738430,970.403867304376,520.620714208581,"{'A','LCONTROL'}",-20.0,5.0,"{'LEFT','LEFT'}"
2019-11-05 15:32:15.648881287,969.673265523242,520.44238203943,"{'A','LCONTROL','A','LCONTROL'}",-27.5,5.5,"{'LEFT','LEFT'}"
2019-11-05 15:32:15.656024144,,,"{'A','LCONTROL','A','LCONTROL'}",-31.5,6.5,{'LEFT'}
2019-11-05 15:32:15.663167001,969.394016215546,520.325461641199,"{'A','LCONTROL','A','LCONTROL'}",-26.0,6.5,"{'LEFT','LEFT'}"
2019-11-05 15:32:15.670309858,970.864578200565,520.361111982908,"{'A','LCONTROL','A','LCONTROL'}",-20.0,6.0,"{'LEFT','LEFT'}"
2019-11-05 15:32:15.677452715,,,"{'A','LCONTROL'}",-12.0,6.0,"{'LEFT','LEFT'}"
2019-11-05 15:32:15.684595572,971.113295261021,521.1911555281749,"{'A','LCONTROL','A','LCONTROL'}",-3.0,4.5,{'LEFT'}
2019-11-05 15:32:15.691738429,,,"{'A','LCONTROL','A','LCONTROL'}",2.0,3.0,"{'LEFT','LEFT'}"
2019-11-05 15:32:15.698881286,971.8252345277049,521.487214872004,"{'A','LCONTROL','A','LCONTROL'}",3.5,2.5,"{'LEFT','LEFT'}"
2019-11-05 15:32:15.706024143,974.337335825002,520.992479857158,"{'A','LCONTROL','A','LCONTROL'}",8.0,3.0,"{'LEFT','LEFT'}"
2019-11-05 15:32:15.713167000,,,"{'A','LCONTROL'}",8.5,3.0,"{'LEFT','LEFT'}"
2019-11-05 15:32:15.720309857,975.7349150480699,521.227325108325,"{'A','LCONTROL','A','LCONTROL'}",8.5,3.5,{'LEFT'}
2019-11-05 15:32:15.727452714,978.286930199127,520.4798399455229,{'LCONTROL'},1.5,4.0,"{'LEFT','LEFT'}"
2019-11-05 15:32:15.734595571,,,{},0.0,3.0,"{'LEFT','LEFT'}"
2019-11-05 15:32:15.741738428,981.952186768813,517.612919372323,{},-7.0,9.0,"{'LEFT','LEFT'}"
2019-11-05 15:32:15.748881285,982.9809541036681,516.396352189652,{},-11.0,9.5,"{'LEFT','LEFT'}"
2019-11-05 15:32:15.756024142,,,{},-25.0,16.5,{'LEFT'}
2019-11-05 15:32:15.763166999,984.988449825435,514.514349654227,{},-15.5,9.5,"{'LEFT','LEFT'}"
2019-11-05 15:32:15.770309856,987.030574343721,512.942146260513,{},-20.0,13.0,"{'LEFT','LEFT'}"
2019-11-05 15:32:15.777452713,,,{},-23.0,14.5,{'LEFT'}
2019-11-05 15:32:15.784595570,992.483531864552,508.360571491113,{},-12.0,11.0,"{'LEFT','LEFT'}"
2019-11-05 15:32:15.791738427,,,{},-3.0,3.0,"{'LEFT','LEFT'}"
2019-11-05 15:32:15.798881284,995.336628314941,506.271640369332,{},-0.5,2.0,"{'LEFT','LEFT'}"
2019-11-05 15:32:15.806024141,997.1954153905009,504.907402875439,{},0.0,1.5,{'LEFT'}
2019-11-05 15:32:15.813166998,,,{},3.0,2.0,"{'LEFT','LEFT'}"
2019-11-05 15:32:15.820309855,996.70903040375,505.30540983018,{},5.5,2.5,"{'LEFT','LEFT'}"
2019-11-05 15:32:15.827452712,998.0156640645359,504.491424275588,{},6.0,3.0,"{'LEFT','LEFT'}"
2019-11-05 15:32:15.834595569,,,{},6.5,4.0,{'LEFT'}
2019-11-05 15:32:15.841738426,998.821615073672,504.099971409019,{},2.0,4.0,"{'LEFT','LEFT'}"
2019-11-05 15:32:15.848881283,1000.32201539659,504.20439157247705,{},-1.0,4.5,"{'LEFT','LEFT'}"
2019-11-05 15:32:15.856024140,,,"{'W','W'}",-5.0,7.0,"{'LEFT','LEFT'}"
2019-11-05 15:32:15.863166997,1001.78255193776,503.923685147369,{'W'},-8.5,9.5,{}
2019-11-05 15:32:15.870309854,1001.8675081438699,503.298248707683,"{'W','W'}",-11.0,10.5,{}
2019-11-05 15:32:15.877452711,,,"{'W','W'}",-14.5,13.0,{}
2019-11-05 15:32:15.884595568,1001.4041241865199,503.169122185301,"{'W','W'}",-18.0,15.0,{}
2019-11-05 15:32:15.891738425,1004.14904772369,496.827866320363,{'W'},-18.5,14.5,{}
2019-11-05 15:32:15.898881282,,,"{'W','W','W'}",-21.0,15.0,{}
2019-11-05 15:32:15.906024139,1005.56632930437,495.364832915516,{'W'},-19.0,12.0,{}
2019-11-05 15:32:15.913166996,,,"{'W','W'}",-23.0,14.5,{}
2019-11-05 15:32:15.920309853,1005.7537033436,495.46393140299205,"{'W','W'}",-23.5,14.0,{}
2019-11-05 15:32:15.927452710,1007.9251112821601,494.735632303359,"{'W','W'}",-25.0,15.0,{}
2019-11-05 15:32:15.934595567,,,{'W'},-24.5,13.5,{}
2019-11-05 15:32:15.941738424,1008.7453579521699,494.683475701018,"{'W','W'}",-23.0,15.0,{}
2019-11-05 15:32:15.948881281,1009.3184871529302,493.740878895469,"{'W','W'}",-28.0,16.5,{}
2019-11-05 15:32:15.956024138,,,{'W'},-18.5,13.5,{}
2019-11-05 15:32:15.963166995,1010.7835567422301,493.254439246389,"{'W','W'}",-11.5,10.5,{}
2019-11-05 15:32:15.970309852,1013.8607362074199,492.490065888941,"{'W','W'}",-9.0,10.5,{}
2019-11-05 15:32:15.977452709,,,"{'W','W'}",-4.0,8.0,{}
2019-11-05 15:32:15.984595566,1015.8020746291401,491.997885733163,"{'W','W'}",-1.0,6.0,{}
2019-11-05 15:32:15.991738423,,,{'W'},1.5,2.5,{}
2019-11-05 15:32:15.998881280,1016.78284533958,491.49915649204496,"{'W','D','W'}",1.5,0.5,{}
2019-11-05 15:32:16.006024137,1019.35792195341,489.95835258832494,"{'D','W','D','W'}",5.0,0.0,{}
2019-11-05 15:32:16.013166994,,,"{'D','W','D','W'}",14.5,-2.0,{}
2019-11-05 15:32:16.020309851,1019.5706530679599,489.833081369424,"{'D','W'}",12.0,-3.5,{}
2019-11-05 15:32:16.027452708,1019.90279658334,488.780531887409,"{'D','W','D','W'}",12.5,-5.0,{}
2019-11-05 15:32:16.034595565,,,"{'D','W','D','W'}",16.0,-6.0,{}
2019-11-05 15:32:16.041738422,1021.0721251034801,487.023244086066,"{'D','W','D','W'}",3.0,-2.0,{}
2019-11-05 15:32:16.048881279,1023.0259237372198,485.847478279885,"{'D','W','D','W'}",18.5,-7.5,{}
2019-11-05 15:32:16.056024136,,,"{'D','W'}",31.5,-11.0,{}
2019-11-05 15:32:16.063166993,1022.4975149608301,485.573844371418,"{'D','W','D','W'}",14.0,-5.5,{}
2019-11-05 15:32:16.070309850,1023.82274386023,484.71450901999606,"{'D','W','D','W'}",13.0,-4.0,{}
2019-11-05 15:32:16.077452707,,,"{'D','W'}",12.0,-7.5,{}
2019-11-05 15:32:16.084595564,,,"{'D','W','D','W'}",7.0,-5.0,{}
2019-11-05 15:32:16.091738421,1088.4035651424401,454.806889619622,"{'D','W','D','W'}",5.0,-6.0,{}
2019-11-05 15:32:16.098881278,1433.1312943151001,282.065304740796,"{'D','W','D','W'}",2.0,-6.0,{}
2019-11-05 15:32:16.106024135,1445.0671813236,279.181024946374,"{'D','W'}",0.0,-6.0,{}
2019-11-05 15:32:16.113166992,,,"{'D','W','D','W'}",-2.5,-5.5,{}
2019-11-05 15:32:16.120309849,1470.6623755640198,268.47361103423,"{'D','W','D','W'}",-5.5,-8.0,{}
2019-11-05 15:32:16.127452706,1540.8391138695902,246.61482321061902,"{'D','W','D','W'}",-7.0,-6.0,{}
2019-11-05 15:32:16.134595563,,,"{'D','W'}",-10.5,-6.0,{}
2019-11-05 15:32:16.141738420,1560.84990862572,238.841574181049,"{'D','W','D','W'}",-11.0,-4.5,{}
2019-11-05 15:32:16.148881277,1575.86461169995,232.765497053446,"{'D','W','D','W'}",-8.0,-3.0,{}
2019-11-05 15:32:16.156024134,,,"{'D','W','D','W'}",0.0,0.0,{}
2019-11-05 15:32:16.163166991,1585.00936940819,227.795816418105,"{'D','W','D','W'}",0.0,0.0,{}
2019-11-05 15:32:16.170309848,1653.83581776995,206.215466809658,"{'D','W'}",0.0,0.0,{}
2019-11-05 15:32:16.177452705,,,"{'D','W','D','W'}",0.0,0.0,{}
2019-11-05 15:32:16.184595562,1690.33536928806,195.32955981957,"{'D','W','D','W'}",0.0,0.0,{}
2019-11-05 15:32:16.191738419,,,"{'D','W','D','W'}",0.0,0.0,{}
2019-11-05 15:32:16.198881276,1700.7631526378198,191.65346471208,"{'D','W','D','W'}",0.0,0.0,{}
2019-11-05 15:32:16.206024133,1699.7774965103602,191.65333444422,"{'D','W','D','W'}",0.0,0.0,{}
2019-11-05 15:32:16.213166990,,,"{'D','W'}",0.0,0.0,{}
2019-11-05 15:32:16.220309847,1692.68738113418,194.856125165111,"{'D','W','D','W'}",0.0,0.0,{}
2019-11-05 15:32:16.227452704,1673.49279758204,202.700300771149,"{'D','W','D','W'}",0.0,0.0,{}
2019-11-05 15:32:16.234595561,,,"{'D','W','D','W'}",0.0,0.0,{}
2019-11-05 15:32:16.241738418,1623.0443092860999,217.54247016939,"{'D','W'}",0.0,0.0,{}
2019-11-05 15:32:16.248881275,1396.79981744756,312.501199809787,"{'D','W','D','W'}",0.0,0.0,{}
2019-11-05 15:32:16.256024132,,,"{'D','W','D','W'}",0.0,0.0,{}
2019-11-05 15:32:16.263166989,1354.06453513302,330.991698689578,"{'D','W'}",0.0,0.0,{}
2019-11-05 15:32:16.270309846,1327.25825004814,342.236221472691,"{'D','W','D','W'}",0.0,0.0,{}
2019-11-05 15:32:16.277452703,,,"{'D','W','D','W'}",0.0,0.0,{}
2019-11-05 15:32:16.284595560,1307.2099980688301,350.646246568401,"{'D','W','D','W'}",0.0,0.0,{}
2019-11-05 15:32:16.291738417,1263.58439657298,368.34875900052697,"{'D','W'}",0.0,0.0,{}
2019-11-05 15:32:16.298881274,,,"{'D','W','D','W'}",0.0,0.0,{}
2019-11-05 15:32:16.306024131,1236.1840141541,379.727679684628,"{'D','W','D'}",0.0,0.0,{}
2019-11-05 15:32:16.313166988,,,"{'D','D'}",-3.5,-3.5,{}
2019-11-05 15:32:16.320309845,1117.3259423085801,430.071495305043,"{'D','D'}",-11.0,-5.0,{}
2019-11-05 15:32:16.327452702,1113.25049983832,431.762705765029,{'D'},-13.5,-6.5,{}
2019-11-05 15:32:16.334595559,,,"{'D','D'}",-21.0,-8.0,{}
2019-11-05 15:32:16.341738416,1092.50119690402,439.863964565012,"{'D','D'}",-35.0,-8.5,{}
2019-11-05 15:32:16.348881273,1074.81458847235,448.81166383462005,{'D'},-40.0,-4.5,{}
2019-11-05 15:32:16.356024130,,,"{'D','D'}",-35.0,-2.5,{}
2019-11-05 15:32:16.363166987,1068.06333422474,453.690910916471,"{'D','D'}",-40.0,-4.0,{}
2019-11-05 15:32:16.370309844,1069.90912837037,452.41713016468697,"{'D','D'}",-41.5,-2.5,{}
2019-11-05 15:32:16.377452701,,,{'D'},-46.5,-1.5,{}
2019-11-05 15:32:16.384595558,1068.06858871012,453.692318317343,"{'D','D'}",-49.5,-2.0,{}
2019-11-05 15:32:16.391738415,1068.5952731096302,452.751607696585,"{'D','D'}",-54.0,0.0,{}
2019-11-05 15:32:16.398881272,,,"{'D','D'}",-14.0,0.0,{}
2019-11-05 15:32:16.406024129,1063.14280896649,460.86219297959195,"{'D','D'}",-91.5,0.0,{}
2019-11-05 15:32:16.413166986,,,{'D'},-68.0,1.5,{}
2019-11-05 15:32:16.420309843,1063.53761590469,460.50601664646103,"{'D','D'}",-77.0,2.5,{}
2019-11-05 15:32:16.427452700,1063.15086944593,463.157767067247,"{'D','D'}",-81.0,4.0,{}
2019-11-05 15:32:16.434595557,,,"{'D','D'}",-100.0,4.0,{}
2019-11-05 15:32:16.441738414,1062.7502345941,464.908710711174,{'D'},-100.5,5.5,{}
2019-11-05 15:32:16.448881271,1063.46187708729,464.980684900326,"{'D','D'}",-105.5,5.5,{}
2019-11-05 15:32:16.456024128,,,"{'D','D'}",-111.0,7.0,{}
2019-11-05 15:32:16.463166985,1064.18339098351,465.302156562831,"{'D','D'}",-115.0,6.5,{}
2019-11-05 15:32:16.470309842,1077.1572637314,467.176950590313,"{'D','D'}",-119.0,5.5,{}
2019-11-05 15:32:16.477452699,,,{'D'},-121.5,5.5,{}
2019-11-05 15:32:16.484595556,1084.9187808231,467.272656807169,"{'D','D','W'}",-124.0,4.0,{}
2019-11-05 15:32:16.491738413,,,"{'D','W','D','W'}",-119.0,4.5,{}
2019-11-05 15:32:16.498881270,1086.86523690969,466.623361692392,"{'D','W','D','W'}",-118.0,2.5,{}
2019-11-05 15:32:16.506024127,1092.55321507112,466.396983524534,"{'D','W','D','W'}",-111.5,4.0,{}
2019-11-05 15:32:16.513166984,,,"{'D','W'}",-94.0,1.5,{}
2019-11-05 15:32:16.520309841,1105.9115760371499,465.77892449795405,"{'D','W','D','W'}",-97.0,2.0,{}
2019-11-05 15:32:16.527452698,1113.40790183584,465.429092435103,"{'D','W','D','W'}",-90.0,2.0,{}
2019-11-05 15:32:16.534595555,,,"{'D','W','D','W'}",-84.0,0.5,{}
2019-11-05 15:32:16.541738412,1124.37669611014,465.836022044426,"{'D','W','D','W'}",-74.0,0.5,{}
2019-11-05 15:32:16.548881269,1130.4810277315,466.117011483788,"{'D','W','D','W'}",-61.5,1.0,{}
2019-11-05 15:32:16.556024126,,,"{'D','W'}",-52.0,0.0,{}
2019-11-05 15:32:16.563166983,1138.66699840678,466.50535947141503,"{'D','W','D','W'}",-42.0,-1.0,{}
2019-11-05 15:32:16.570309840,1139.81002945414,466.39719786688903,"{'D','W','D','W'}",-34.5,-0.5,{}
2019-11-05 15:32:16.577452697,,,"{'D','W','D','W'}",-21.0,0.0,{}
2019-11-05 15:32:16.584595554,1144.57654170801,466.746620631007,"{'D','W'}",-13.0,0.0,{}
2019-11-05 15:32:16.591738411,1151.80104067242,467.62024850555804,"{'D','W','D','W'}",4.0,0.0,{}
2019-11-05 15:32:16.598881268,,,"{'D','W'}",19.0,0.0,{}
2019-11-05 15:32:16.606024125,1157.0596009027902,467.97067753525903,"{'D','W','D','W'}",31.5,0.0,{}
2019-11-05 15:32:16.613166982,,,"{'D','W','D','W'}",50.0,-1.0,{}
2019-11-05 15:32:16.620309839,1162.33603639785,468.237969909767,"{'D','W','D','W'}",71.0,-0.5,{}
2019-11-05 15:32:16.627452696,1163.61273181655,468.76830546923895,"{'D','W','D','W'}",73.5,-0.5,{}
2019-11-05 15:32:16.634595553,,,"{'D','W'}",102.0,-2.0,{}
2019-11-05 15:32:16.641738410,1163.4174940821902,470.52432139732,"{'D','W','D','W'}",112.5,-4.0,{}
2019-11-05 15:32:16.648881267,1162.84844066371,471.578119259379,"{'D','W','D','W'}",119.0,-5.0,{}
2019-11-05 15:32:16.656024124,,,"{'D','W'}",159.0,-10.0,{}
2019-11-05 15:32:16.663166981,1161.2125609597301,472.516036662567,"{'D','W','D','W'}",137.0,-10.5,{}
2019-11-05 15:32:16.670309838,1147.79669929503,472.07852041053496,"{'D','W','D','W'}",136.0,-13.0,{}
2019-11-05 15:32:16.677452695,,,"{'D','W','D','W'}",122.0,-12.5,{}
2019-11-05 15:32:16.684595552,1147.07115020691,472.093797007579,"{'D','W'}",143.5,-16.0,{}
2019-11-05 15:32:16.691738409,1137.49190203085,472.973008394448,"{'W','W'}",138.0,-17.5,{}
2019-11-05 15:32:16.698881266,,,"{'W','W'}",140.5,-19.5,{}
2019-11-05 15:32:16.706024123,1117.3515649293902,473.164681427298,{'W'},197.0,-29.0,{}
2019-11-05 15:32:16.713166980,,,"{'W','W'}",64.5,-9.0,{}
2019-11-05 15:32:16.720309837,1093.23002160036,471.802899121971,"{'W','W'}",108.0,-18.5,{}
2019-11-05 15:32:16.727452694,1097.9563360397801,471.948065716346,"{'W','W'}",100.0,-19.0,{}
2019-11-05 15:32:16.734595551,,,{'W'},84.5,-17.0,{}
2019-11-05 15:32:16.741738408,1059.60738183377,474.26386965017304,"{'W','W'}",72.0,-14.5,{}
2019-11-05 15:32:16.748881265,1049.1266153307301,476.177414758809,"{'W','W'}",53.5,-11.0,{}
2019-11-05 15:32:16.756024122,,,"{'W','W'}",63.0,-12.0,{}
2019-11-05 15:32:16.763166979,1047.4333900095698,476.177077276519,{'W'},24.0,-3.0,{}
2019-11-05 15:32:16.770309836,1072.05420775667,481.01437464221397,"{'W','W'}",7.0,-1.0,{}
2019-11-05 15:32:16.777452693,,,"{'W','W'}",0.0,0.0,{}
2019-11-05 15:32:16.784595550,1072.9790539771,481.748955512551,"{'A','W','A','W'}",0.0,0.0,{}
2019-11-05 15:32:16.791738407,1070.79951776888,482.76135350324404,"{'A','W'}",0.0,0.0,{}
2019-11-05 15:32:16.798881264,,,"{'A','W','A','W'}",0.0,0.0,{}
2019-11-05 15:32:16.806024121,1070.66942528455,483.354681687211,"{'A','W','A','W'}",0.0,0.0,{}
2019-11-05 15:32:16.813166978,,,"{'A','W','A','W'}",0.0,0.0,{}
2019-11-05 15:32:16.820309835,1068.9273933279699,484.914478359656,"{'A','W'}",0.0,0.0,{}
2019-11-05 15:32:16.827452692,1061.54026190106,485.54645063407304,"{'A','W','A','W'}",0.0,0.0,{}
2019-11-05 15:32:16.834595549,,,"{'A','W','A','W'}",0.0,0.0,{}
2019-11-05 15:32:16.841738406,1061.5448733431801,487.96383086185995,"{'A','W','A','W'}",0.0,0.0,{}
2019-11-05 15:32:16.848881263,1058.92302081829,488.52100400677,"{'A','W','A','W'}",0.0,0.0,{}
2019-11-05 15:32:16.856024120,,,"{'A','W','A','W'}",0.0,0.0,{}
2019-11-05 15:32:16.863166977,1051.29087236056,489.18260722436895,"{'A','W'}",0.0,0.0,{}
2019-11-05 15:32:16.870309834,1047.17522247078,490.425690951505,"{'A','W','A','W'}",0.0,0.0,{}
2019-11-05 15:32:16.877452691,,,"{'A','W','A','W'}",0.0,0.0,{}
2019-11-05 15:32:16.884595548,1043.0362301177902,496.8592391498901,"{'A','W','A','W'}",0.0,0.0,{}
2019-11-05 15:32:16.891738405,1041.4873021021301,493.476617062017,"{'A','W'}",0.0,0.0,{}
2019-11-05 15:32:16.898881262,,,"{'A','W','A','W'}",0.0,0.0,{}
2019-11-05 15:32:16.906024119,1040.7017321611,496.087572611608,"{'A','W','A','W'}",0.0,0.0,{}
2019-11-05 15:32:16.913166976,,,"{'A','W','A','W'}",0.0,0.0,{}
2019-11-05 15:32:16.920309833,1040.65116969921,495.608396805692,"{'A','W','A','W'}",0.0,0.0,{}
2019-11-05 15:32:16.927452690,1040.43010229837,493.663348039748,"{'A','W'}",0.0,0.0,{}
2019-11-05 15:32:16.934595547,,,"{'A','W','A','W'}",0.0,0.0,{}
2019-11-05 15:32:16.941738404,1041.44947237483,492.152266433681,"{'A','W'}",0.0,0.0,{}
2019-11-05 15:32:16.948881261,1042.55957115987,492.41630215418803,"{'A','W','A','W','A','W'}",0.0,0.0,{}
2019-11-05 15:32:16.956024118,,,"{'A','W'}",0.0,0.0,{}
2019-11-05 15:32:16.963166975,1042.97218270034,492.631390359308,"{'A','W','A','W'}",0.0,0.0,{}
2019-11-05 15:32:16.970309832,1044.12288486768,493.642985148732,"{'A','W'}",0.0,0.0,{}
2019-11-05 15:32:16.977452689,,,"{'A','W','A','W'}",0.0,0.0,{}
2019-11-05 15:32:16.984595546,1045.04387463837,495.803549510302,"{'A','W','A','W'}",0.0,0.0,{}
2019-11-05 15:32:16.991738403,1043.73155717952,495.778384631817,"{'A','W','A','W'}",3.5,-1.0,{}
2019-11-05 15:32:16.998881260,,,"{'A','W','A','W'}",14.5,-6.0,{}
2019-11-05 15:32:17.006024117,1042.70871938795,495.061421819098,"{'A','W'}",17.0,-7.0,{}
2019-11-05 15:32:17.013166974,,,"{'A','W','A','W'}",17.0,-6.0,{}
2019-11-05 15:32:17.020309831,1035.30496782115,496.680121172249,"{'A','W','A','W'}",17.5,-6.5,{}
2019-11-05 15:32:17.027452688,1005.3300051945401,499.8273000096,"{'A','W','A','W'}",18.5,-6.0,{}
2019-11-05 15:32:17.034595545,,,"{'A','W'}",17.0,-6.0,{}
2019-11-05 15:32:17.041738402,1003.7789613427001,500.28683481131,"{'A','W','A','W'}",15.5,-4.5,{}
2019-11-05 15:32:17.048881259,1002.07809889601,500.76373002579203,"{'A','W','A','W'}",19.5,-5.5,{}
2019-11-05 15:32:17.056024116,,,"{'A','W','A','W'}",15.5,-5.5,{}
2019-11-05 15:32:17.063166973,1000.6666129212,502.488135363702,"{'A','W','A','W'}",16.0,-4.0,{}
2019-11-05 15:32:17.070309830,998.9392235839099,504.501336881771,"{'A','W'}",20.0,-5.0,{}
2019-11-05 15:32:17.077452687,,,"{'A','W','A','W'}",23.0,-4.5,{}
2019-11-05 15:32:17.084595544,997.606383975567,505.017957434096,"{'A','W','A','W'}",21.5,-4.0,{}
2019-11-05 15:32:17.091738401,994.2352027439191,509.37942758443603,"{'A','W'}",23.0,-4.0,{}
2019-11-05 15:32:17.098881258,,,"{'A','W','A','W'}",23.0,-4.0,{}
2019-11-05 15:32:17.106024115,994.6849971371471,509.43766575019896,"{'A','W','A','W'}",25.0,-3.0,{}
2019-11-05 15:32:17.113166972,,,"{'A','W','A','W'}",22.5,-3.0,{}
2019-11-05 15:32:17.120309829,992.160907858971,512.333221106829,"{'A','W'}",41.0,-5.0,{}
2019-11-05 15:32:17.127452686,990.683375958149,513.560647426776,"{'A','W','A','W'}",27.5,-2.5,{}
2019-11-05 15:32:17.134595543,,,"{'A','W','A','W'}",30.0,-2.0,{}
2019-11-05 15:32:17.141738400,985.121339826458,518.478957154441,"{'A','W'}",31.0,-0.5,{}
2019-11-05 15:32:17.148881257,983.0228375457569,519.136426798167,"{'A','W','A','W','A','W'}",32.5,0.0,{}
2019-11-05 15:32:17.156024114,,,"{'A','W'}",27.5,0.0,{}
2019-11-05 15:32:17.163166971,979.88551001748,520.7593145674031,"{'A','W','A','W'}",29.0,0.0,{}
2019-11-05 15:32:17.170309828,972.5724828708859,521.128832959169,"{'A','W','A','W'}",26.5,2.0,{}
2019-11-05 15:32:17.177452685,,,"{'A','W','A','W'}",18.0,3.5,{}
2019-11-05 15:32:17.184595542,965.931361812482,521.212559251416,"{'A','W'}",5.0,4.0,{}
2019-11-05 15:32:17.191738399,964.2526604969769,521.316452296032,"{'A','W','A','W'}",-2.0,4.0,{}
2019-11-05 15:32:17.198881256,,,"{'A','W','A','W'}",-1.0,0.5,{}
2019-11-05 15:32:17.206024113,961.737223831541,521.556672106874,"{'A','W','A','W'}",0.0,0.0,{}
2019-11-05 15:32:17.213166970,,,"{'A','W','A','W'}",0.0,0.0,{}
2019-11-05 15:32:17.220309827,957.0654901113029,521.685194926575,"{'A','W'}",0.0,0.0,{}
2019-11-05 15:32:17.227452684,949.024662356296,521.6070197678309,"{'A','W','W'}",0.0,0.0,{}
2019-11-05 15:32:17.234595541,,,{'W'},0.0,0.0,{}
2019-11-05 15:32:17.241738398,911.207034581284,523.0263389535701,"{'W','W'}",0.0,0.0,{}
2019-11-05 15:32:17.248881255,906.446153263455,523.371781408904,"{'W','W'}",0.0,0.0,{}
2019-11-05 15:32:17.256024112,,,"{'W','W'}",0.0,0.0,{}
2019-11-05 15:32:17.263166969,894.2626069551599,524.767412627444,"{'W','W'}",0.0,0.0,{}
2019-11-05 15:32:17.270309826,891.194471408796,524.763534863085,{'W'},0.0,0.0,{}
2019-11-05 15:32:17.277452683,,,"{'W','W'}",0.0,0.0,{}
2019-11-05 15:32:17.284595540,888.809215578672,524.495801677576,"{'W','W'}",0.0,0.0,{}
2019-11-05 15:32:17.291738397,880.82083126263,524.652419521755,"{'W','W'}",0.0,0.0,{}
2019-11-05 15:32:17.298881254,,,"{'W','W'}",0.0,0.0,{}
2019-11-05 15:32:17.306024111,880.780177191187,525.107669486541,{'W'},0.0,0.0,{}
2019-11-05 15:32:17.313166968,,,"{'W','W'}",0.0,0.0,{}
2019-11-05 15:32:17.320309825,881.6060843679302,525.752002733152,"{'W','W'}",0.0,0.0,{}
2019-11-05 15:32:17.327452682,887.038197874061,526.068610425687,"{'W','W'}",0.0,0.0,{}
2019-11-05 15:32:17.334595539,,,{'W'},0.0,0.0,{}
2019-11-05 15:32:17.341738396,888.829142339138,526.2627442629799,"{'W','W'}",0.0,0.0,{}
2019-11-05 15:32:17.348881253,889.8942381013111,527.007955253822,"{'W','W'}",0.0,0.0,{}
2019-11-05 15:32:17.356024110,,,"{'A','W','A','W'}",0.0,0.0,{}
2019-11-05 15:32:17.363166967,891.4175537444231,527.6016937517201,"{'A','W','A','W'}",0.0,0.0,{}
2019-11-05 15:32:17.370309824,896.534701014718,528.491838843312,"{'A','W'}",0.0,0.0,{}
2019-11-05 15:32:17.377452681,,,"{'A','W','A','W'}",0.0,0.0,{}
2019-11-05 15:32:17.384595538,896.686897092395,528.335544530958,"{'A','W','A','W'}",0.0,0.0,{}
2019-11-05 15:32:17.391738395,907.937034795022,528.908251544063,"{'A','W'}",0.0,0.0,{}
2019-11-05 15:32:17.398881252,,,"{'A','W','A','W'}",0.0,0.0,{}
2019-11-05 15:32:17.406024109,909.971214632782,529.0751535529901,"{'A','W','A','W'}",0.0,0.0,{}
2019-11-05 15:32:17.413166966,,,"{'A','W','A','W'}",1.5,0.5,{}
2019-11-05 15:32:17.420309823,911.7174368151849,528.476554391048,"{'A','W','A','W'}",4.5,1.5,{}
2019-11-05 15:32:17.427452680,916.3004357123401,527.975413660296,"{'A','W'}",5.0,3.0,{}
2019-11-05 15:32:17.434595537,,,"{'A','W','A','W'}",5.5,1.5,{}
2019-11-05 15:32:17.441738394,920.469392844753,528.940882372226,"{'A','W','A','W'}",3.0,2.0,{}
2019-11-05 15:32:17.448881251,921.249866716008,528.416816867202,"{'A','W','A','W'}",3.0,2.5,{}
2019-11-05 15:32:17.456024108,,,"{'A','W','A','W'}",1.0,2.0,{}
2019-11-05 15:32:17.463166965,922.995648292849,527.954393413047,"{'A','W','A','W'}",1.5,2.0,{}
2019-11-05 15:32:17.470309822,924.1677841466491,527.4139355752901,"{'A','W'}",0.0,2.0,{}
2019-11-05 15:32:17.477452679,,,"{'A','W','A','W'}",0.5,2.5,{}
2019-11-05 15:32:17.484595536,925.739934057568,527.116556093948,"{'A','W','A','W'}",1.0,2.5,{}
2019-11-05 15:32:17.491738393,929.171053932621,526.1415498131951,"{'A','W','A','W'}",1.5,2.0,{}
2019-11-05 15:32:17.498881250,,,"{'A','W','A','W'}",2.5,2.0,{}
2019-11-05 15:32:17.506024107,930.0495733129351,525.947366910876,"{'A','W'}",3.0,2.0,{}
2019-11-05 15:32:17.513166964,931.393469856087,525.35329984328,"{'A','W','A','W'}",3.0,1.0,{}
2019-11-05 15:32:17.520309821,,,"{'A','W','A','W'}",4.5,1.5,{}
2019-11-05 15:32:17.527452678,935.2141911547369,522.811791524165,"{'A','W','A','W'}",4.5,0.5,{}
2019-11-05 15:32:17.534595535,,,"{'A','W'}",7.0,1.0,{}
2019-11-05 15:32:17.541738392,934.81277148408,523.4167939017431,"{'A','W','A','W'}",8.0,1.5,{}
2019-11-05 15:32:17.548881249,935.7109378325459,522.893103570203,"{'A','W','A','W'}",8.0,0.5,{}
2019-11-05 15:32:17.556024106,,,"{'A','W','A','W'}",9.0,0.0,{}
2019-11-05 15:32:17.563166963,936.008679902453,525.049780287095,"{'A','W'}",10.0,1.0,{}
2019-11-05 15:32:17.570309820,939.461097596688,525.8165496505239,"{'A','W','A','W'}",9.0,0.0,{}
2019-11-05 15:32:17.577452677,,,"{'A','W','A','W'}",10.0,0.5,{}
2019-11-05 15:32:17.584595534,948.886886319333,524.226022725665,"{'A','W'}",12.0,0.0,{}
2019-11-05 15:32:17.591738391,952.8904195598801,522.8458905843589,"{'A','W'}",13.0,0.0,{}
2019-11-05 15:32:17.598881248,,,"{'A','W','A','W'}",12.0,0.5,{}
2019-11-05 15:32:17.606024105,958.256639543662,518.226944939416,"{'A','W','A','W'}",9.5,1.0,{}
2019-11-05 15:32:17.613166962,959.036927343634,517.885077429916,"{'A','W','A','W'}",7.5,0.0,{}
2019-11-05 15:32:17.620309819,,,"{'A','W','A','W'}",6.0,0.0,{}
2019-11-05 15:32:17.627452676,959.2555923933819,517.763818846704,"{'A','W'}",5.0,0.0,{}
2019-11-05 15:32:17.634595533,,,"{'A','W','A','W'}",6.5,0.0,{}
2019-11-05 15:32:17.641738390,960.306558448643,518.388259610973,"{'A','W','A','W'}",6.0,0.0,{}
2019-11-05 15:32:17.648881247,961.961332048598,516.927015327165,"{'A','W','A','W'}",5.0,0.0,{}
2019-11-05 15:32:17.656024104,,,"{'A','W'}",5.0,0.0,{}
2019-11-05 15:32:17.663166961,962.171311671891,518.843781344384,"{'A','W','A','W'}",5.0,0.0,{}
2019-11-05 15:32:17.670309818,963.7052819251261,520.831431845347,"{'A','W','A','W'}",6.0,0.5,{}
2019-11-05 15:32:17.677452675,,,"{'A','W','A','W'}",7.0,0.0,{}
2019-11-05 15:32:17.684595532,964.996324123289,522.4643754432959,"{'A','W'}",6.5,0.0,{}
2019-11-05 15:32:17.691738389,964.72240101426,523.608210093793,"{'A','W','A','W'}",7.0,-0.5,{}
2019-11-05 15:32:17.698881246,,,"{'A','W','A','W'}",8.0,0.0,{}
2019-11-05 15:32:17.706024103,964.5992463989149,523.806451211733,"{'A','W','W'}",6.5,0.0,{}
2019-11-05 15:32:17.713166960,,,"{'W','W'}",7.0,-1.0,{}
2019-11-05 15:32:17.720309817,961.483706815451,525.6014170716729,{'W'},5.5,0.0,{}
2019-11-05 15:32:17.727452674,959.5731139571229,526.774067792363,"{'W','W'}",6.0,-0.5,{}
2019-11-05 15:32:17.734595531,,,"{'W','W'}",5.0,0.0,{}
2019-11-05 15:32:17.741738388,959.1505755490691,526.751937463032,{'W'},4.0,0.0,{}
2019-11-05 15:32:17.748881245,957.896828302014,526.071181113549,"{'W','W'}",5.0,0.0,{}
2019-11-05 15:32:17.756024102,,,"{'W','D','W'}",3.0,0.0,{}
2019-11-05 15:32:17.763166959,957.796455787335,525.1418048633541,"{'D','W'}",3.0,0.0,{}
2019-11-05 15:32:17.770309816,957.2750784295121,524.79628046198,"{'D','W','D','W'}",2.5,0.0,{}
2019-11-05 15:32:17.777452673,,,"{'D','W','D','W'}",2.5,0.0,{}
2019-11-05 15:32:17.784595530,957.2205977796491,524.860424485401,"{'D','W','D','W'}",2.5,0.0,{}
2019-11-05 15:32:17.791738387,957.007296969986,525.203091851891,"{'D','W'}",3.0,0.0,{}
2019-11-05 15:32:17.798881244,,,"{'D','W','D','W'}",2.5,0.0,{}
2019-11-05 15:32:17.806024101,957.3446804183801,526.4339317177661,"{'D','W','D','W'}",3.5,0.0,{}
2019-11-05 15:32:17.813166958,958.057922872729,527.17181138284,"{'D','W','D','W'}",4.0,0.0,{}
2019-11-05 15:32:17.820309815,,,"{'D','W'}",4.5,0.0,{}
2019-11-05 15:32:17.827452672,958.431834753177,526.803563727718,"{'D','W','D','W'}",4.0,0.0,{}
2019-11-05 15:32:17.834595529,,,"{'D','W','D','W'}",6.0,-1.0,{}
2019-11-05 15:32:17.841738386,959.112256507144,526.672099213279,"{'D','W','D','W'}",5.5,0.0,{}
2019-11-05 15:32:17.848881243,959.465389997344,526.306392097289,"{'D','W','D','W'}",6.5,-0.5,{}
2019-11-05 15:32:17.856024100,,,"{'D','W'}",6.5,-0.5,{}
2019-11-05 15:32:17.863166957,960.206388972501,525.981426929651,"{'D','W','D','W'}",7.0,-1.0,{}
2019-11-05 15:32:17.870309814,959.9692515417661,527.081514697597,"{'D','W','D','W'}",6.0,-0.5,{}
2019-11-05 15:32:17.877452671,,,"{'D','W','D','W'}",7.5,0.0,{}
2019-11-05 15:32:17.884595528,960.894861201382,530.517535840082,"{'D','W'}",7.0,0.0,{}
2019-11-05 15:32:17.891738385,960.533086886217,531.036199309445,"{'D','W','D','W'}",5.0,-1.0,{}
2019-11-05 15:32:17.898881242,,,"{'W','W'}",11.0,0.0,{}
2019-11-05 15:32:17.906024099,960.36300817157,530.957248917163,"{'W','W'}",5.0,0.0,{}
2019-11-05 15:32:17.913166956,958.826413022093,527.808712541684,{'W'},6.0,0.0,{}
2019-11-05 15:32:17.920309813,,,"{'W','W'}",5.0,2.0,{}
2019-11-05 15:32:17.927452670,957.0687083923309,524.546814309596,"{'W','W'}",4.0,0.0,{}
2019-11-05 15:32:17.934595527,,,"{'W','W'}",4.0,0.0,{}
2019-11-05 15:32:17.941738384,954.978327602683,523.708969641281,{'W'},4.5,0.5,{}
2019-11-05 15:32:17.948881241,953.5522938766801,524.118285918197,"{'W','W'}",4.0,0.0,{}
2019-11-05 15:32:17.956024098,,,"{'W','W'}",4.0,0.0,{}
2019-11-05 15:32:17.963166955,951.4801494908689,524.855753393987,"{'W','W'}",4.0,0.0,{}
2019-11-05 15:32:17.970309812,950.1510077878439,524.718570755076,"{'W','W'}",4.5,0.0,{}
2019-11-05 15:32:17.977452669,,,{'W'},4.5,0.0,{}
2019-11-05 15:32:17.984595526,949.720495311576,523.809983383063,"{'W','W'}",5.0,0.0,{}
2019-11-05 15:32:17.991738383,948.006992471411,523.534648857535,"{'A','W','A','W'}",4.5,-0.5,{}
2019-11-05 15:32:17.998881240,,,"{'A','W','A','W'}",5.5,-0.5,{}
2019-11-05 15:32:18.006024097,943.8758078750591,523.978078162707,"{'A','W'}",5.5,0.0,{}
2019-11-05 15:32:18.013166954,942.790406893945,523.951137702668,"{'A','W','A','W'}",6.0,0.0,{}
2019-11-05 15:32:18.020309811,,,"{'A','W','A','W'}",6.0,-0.5,{}
2019-11-05 15:32:18.027452668,941.420575545582,524.422471848641,"{'A','W','A','W'}",7.5,0.0,{}
2019-11-05 15:32:18.034595525,,,"{'A','W'}",6.5,-1.0,{}
2019-11-05 15:32:18.041738382,940.6176509033611,524.749086156153,"{'A','W','A','W'}",7.0,0.0,{}
2019-11-05 15:32:18.048881239,938.4214246922031,524.353492454543,"{'A','W','A','W'}",8.5,0.0,{}
2019-11-05 15:32:18.056024096,,,"{'A','W','A','W'}",9.5,0.0,{}
2019-11-05 15:32:18.063166953,950.300326089773,519.747397512555,"{'A','W'}",10.5,-0.5,{}
2019-11-05 15:32:18.070309810,951.703075671073,516.751278131397,"{'A','W','A','W'}",14.0,-1.0,{}
2019-11-05 15:32:18.077452667,,,"{'A','W','A','W'}",9.5,-0.5,{}
2019-11-05 15:32:18.084595524,952.170976597605,517.106056228762,"{'A','W','A','W'}",12.5,-0.5,{}
2019-11-05 15:32:18.091738381,952.472291624303,516.7980447785769,"{'A','W'}",12.5,-0.5,{}
2019-11-05 15:32:18.098881238,,,"{'A','W','A','W'}",13.0,-1.5,{}
2019-11-05 15:32:18.106024095,952.603105037789,516.374553331048,"{'A','W','A','W'}",13.0,-1.0,{}
2019-11-05 15:32:18.113166952,952.511905673674,512.550971528738,"{'A','W','A','W'}",14.0,-1.0,{}
2019-11-05 15:32:18.120309809,,,"{'A','W'}",-12.0,1.0,{}
2019-11-05 15:32:18.127452666,951.0637528617309,510.415515301772,"{'A','W','A','W'}",30.5,-2.5,{}
2019-11-05 15:32:18.134595523,,,"{'A','W','A','W'}",16.0,-1.0,{}
2019-11-05 15:32:18.141738380,952.298947125351,511.284138607631,"{'A','W'}",22.0,-3.0,{}
2019-11-05 15:32:18.148881237,949.903232266862,511.31409156022596,"{'A','W','A','W','A','W'}",17.0,-1.0,{}
2019-11-05 15:32:18.156024094,,,"{'A','W'}",17.0,0.0,{}
2019-11-05 15:32:18.163166951,945.757231784037,511.049979925856,"{'A','W','A'}",49.5,-1.5,{}
2019-11-05 15:32:18.170309808,944.9069350839729,510.90222931049794,"{'A','A'}",18.5,0.0,{}
2019-11-05 15:32:18.177452665,,,"{'A','A'}",19.0,0.0,{}
2019-11-05 15:32:18.184595522,942.530316322609,511.047857953116,{'A'},22.0,2.0,{}
2019-11-05 15:32:18.191738379,937.19142529774,510.58490852974006,"{'A','A'}",21.5,1.0,{}
2019-11-05 15:32:18.198881236,,,"{'A','A'}",26.0,1.0,{}
2019-11-05 15:32:18.206024093,935.147960798448,510.36173424379405,{'A'},21.0,0.0,{}
2019-11-05 15:32:18.213166950,935.7546156327401,510.43839598594496,"{'A','A'}",29.5,1.5,{}
2019-11-05 15:32:18.220309807,,,"{'A','A'}",22.5,0.5,{}
2019-11-05 15:32:18.227452664,935.7843382798511,510.667866559396,{'A'},16.0,1.0,{}
2019-11-05 15:32:18.234595521,,,"{'A','A'}",25.5,1.0,{}
2019-11-05 15:32:18.241738378,935.642220365715,510.433694864353,"{'A','A'}",26.0,0.0,{}
2019-11-05 15:32:18.248881235,936.568572316451,510.25791843749397,"{'A','A'}",19.5,0.5,{}
2019-11-05 15:32:18.256024092,,,{'A'},18.0,0.0,{}
2019-11-05 15:32:18.263166949,936.368359950204,510.212443592668,"{'A','A'}",18.5,1.0,{}
2019-11-05 15:32:18.270309806,939.670289927685,509.094957290715,"{'A','A'}",16.0,0.5,{}
2019-11-05 15:32:18.277452663,,,"{'A','A'}",16.0,0.0,{}
2019-11-05 15:32:18.284595520,943.16773274283,508.50120642491305,{'A'},15.0,0.0,{}
2019-11-05 15:32:18.291738377,944.6070963355729,508.308663605177,"{'A','A'}",14.0,0.0,{}
2019-11-05 15:32:18.298881234,,,"{'A','A'}",13.0,0.0,{}
2019-11-05 15:32:18.306024091,944.4877205396699,508.306250886176,"{'A','A'}",14.0,0.0,{}
2019-11-05 15:32:18.313166948,944.021699846882,507.19175318360396,"{'A','A'}",13.5,0.0,{}
2019-11-05 15:32:18.320309805,,,{'A'},9.5,0.0,{}
2019-11-05 15:32:18.327452662,943.497458495498,505.932253579132,"{'A','A'}",10.5,0.5,{}
2019-11-05 15:32:18.334595519,,,"{'A','A'}",11.0,1.0,{}
2019-11-05 15:32:18.341738376,942.666014677406,504.4985573190701,{'A'},9.0,0.0,{}
2019-11-05 15:32:18.348881233,942.980726232337,505.048809728648,"{'A','A'}",7.0,0.5,{}
2019-11-05 15:32:18.356024090,,,"{'A','A'}",7.5,0.0,{}
2019-11-05 15:32:18.363166947,943.802176242314,504.505701134476,"{'A','A'}",5.0,0.0,{}
2019-11-05 15:32:18.370309804,943.829225296028,503.438407886937,"{'A','D'}",5.0,0.0,{}
2019-11-05 15:32:18.377452661,,,"{'A','D','A','D'}",4.0,1.0,{}
2019-11-05 15:32:18.384595518,943.6431799724929,503.14769533279605,"{'D','D'}",3.0,0.0,{}
2019-11-05 15:32:18.391738375,943.564680247025,503.60039890381205,"{'D','D'}",2.0,0.0,{}
2019-11-05 15:32:18.398881232,,,"{'D','D'}",1.5,0.0,{}
2019-11-05 15:32:18.406024089,943.9067361544301,505.36437650904406,"{'D','D'}",0.5,0.0,{}
2019-11-05 15:32:18.413166946,944.4830668676531,505.096872758595,{'D'},0.0,0.0,{}
2019-11-05 15:32:18.420309803,,,"{'D','D'}",0.0,0.0,{}
2019-11-05 15:32:18.427452660,946.419551157218,506.34074947448,"{'D','D'}",0.0,0.0,{}
2019-11-05 15:32:18.434595517,,,"{'D','D'}",0.0,0.0,{}
2019-11-05 15:32:18.441738374,948.292151932547,505.999911070956,{'D'},0.0,0.0,{}
2019-11-05 15:32:18.448881231,948.9974325671491,505.56887934487196,"{'D','D'}",0.0,0.0,{}
2019-11-05 15:32:18.456024088,,,"{'D','D'}",0.0,0.0,{}
2019-11-05 15:32:18.463166945,949.914001178177,504.181660349038,{'D'},0.0,0.0,{}
2019-11-05 15:32:18.470309802,948.917773075594,504.65649367189695,"{'D','D'}",0.0,0.0,{}
2019-11-05 15:32:18.477452659,,,"{'D','D'}",0.0,0.0,{}
2019-11-05 15:32:18.484595516,950.185287112269,504.98923809179496,"{'D','D'}",0.0,0.0,{}
2019-11-05 15:32:18.491738373,951.026895382096,504.68687781347506,{'D'},0.0,0.0,{}
2019-11-05 15:32:18.498881230,,,"{'D','D'}",0.0,0.0,{}
2019-11-05 15:32:18.506024087,951.669281700039,504.11997289945,"{'D','D'}",0.0,0.0,{}
2019-11-05 15:32:18.513166944,952.34837629226,503.583975279668,"{'D','W','D','W'}",0.0,0.0,{}
2019-11-05 15:32:18.520309801,,,"{'D','W','D','W'}",0.0,0.0,{}
2019-11-05 15:32:18.527452658,953.265506384832,502.378936472031,{'W'},0.0,0.0,{}
2019-11-05 15:32:18.534595515,,,"{'W','W'}",0.0,0.0,{}
2019-11-05 15:32:18.541738372,954.0809076443919,501.64457664327904,"{'W','W'}",0.0,0.0,{}
2019-11-05 15:32:18.548881229,953.2222791945329,501.96743432168,"{'W','W'}",0.0,0.0,{}
2019-11-05 15:32:18.556024086,,,"{'W','W'}",0.0,0.0,{}
2019-11-05 15:32:18.563166943,952.8795394249389,503.338516983528,{'W'},0.0,0.0,{}
2019-11-05 15:32:18.570309800,953.0775615246409,503.759720937203,"{'W','W'}",0.0,0.0,{}
2019-11-05 15:32:18.577452657,,,"{'W','W'}",0.0,0.0,{}
2019-11-05 15:32:18.584595514,953.264865192536,503.562054593882,"{'W','W'}",0.0,0.0,{}
2019-11-05 15:32:18.591738371,954.112052574213,503.746134843396,{'W'},0.0,0.0,{}
2019-11-05 15:32:18.598881228,,,"{'W','W'}",0.0,0.0,{}
2019-11-05 15:32:18.606024085,956.2111159529139,504.23575953894095,"{'W','W'}",0.0,0.0,{}
2019-11-05 15:32:18.613166942,956.317560970264,504.08459458429604,"{'W','W'}",0.0,0.0,{}
2019-11-05 15:32:18.620309799,,,{'W'},1.0,0.0,{}
2019-11-05 15:32:18.627452656,956.0873263324969,503.996793857051,"{'W','W'}",4.0,0.0,{}
2019-11-05 15:32:18.634595513,,,"{'W','W'}",3.5,0.0,{}
2019-11-05 15:32:18.641738370,954.953085018966,504.26787009260994,"{'W','W'}",4.5,0.0,{}
2019-11-05 15:32:18.648881227,954.498186393201,504.51973679308503,"{'W','A','W'}",5.0,0.0,{}
2019-11-05 15:32:18.656024084,,,"{'A','W'}",6.0,0.0,{}
2019-11-05 15:32:18.663166941,954.528219803439,504.830708162917,"{'A','W','A','W'}",6.0,0.0,{}
2019-11-05 15:32:18.670309798,953.76853741275,505.07572176620795,"{'A','W','A','W'}",11.5,0.0,{}
2019-11-05 15:32:18.677452655,,,"{'A','W'}",4.5,0.0,{}
2019-11-05 15:32:18.684595512,952.609310289103,505.51255845684403,"{'A','W','A','W'}",6.0,0.0,{}
2019-11-05 15:32:18.691738369,951.920867372128,505.62436683069296,"{'A','W','A','W'}",5.0,0.0,{}
2019-11-05 15:32:18.698881226,,,"{'A','W','A','W'}",7.0,0.0,{}
2019-11-05 15:32:18.706024083,949.5846115465961,506.396803417761,"{'A','W','A','W'}",7.0,0.0,{}
2019-11-05 15:32:18.713166940,949.7287167538699,506.588255762742,"{'A','W'}",12.5,1.0,{}
2019-11-05 15:32:18.720309797,,,"{'A','W','A','W'}",10.0,1.0,{}
2019-11-05 15:32:18.727452654,947.719439305473,508.136057969515,"{'A','W','A','W'}",17.0,1.5,{}
2019-11-05 15:32:18.734595511,,,"{'A','W','A','W'}",14.0,1.5,{}
2019-11-05 15:32:18.741738368,941.123643095307,512.847448912204,"{'A','W','A','W'}",16.5,0.5,{}
2019-11-05 15:32:18.748881225,943.5996146275791,511.49919570421304,"{'A','W','A','W'}",17.5,0.5,{}
2019-11-05 15:32:18.756024082,942.1053278073,512.42981621797,"{'A','W'}",20.0,1.0,{}
2019-11-05 15:32:18.763166939,,,"{'A','W','A','W'}",19.0,0.0,{}
2019-11-05 15:32:18.770309796,947.157324228988,509.45161288825796,"{'A','W','A','W'}",8.5,0.0,{}
2019-11-05 15:32:18.777452653,,,"{'A','W','A','W'}",19.0,1.0,{}
2019-11-05 15:32:18.784595510,946.241888607833,510.34853238369004,"{'A','W'}",16.0,0.0,{}
2019-11-05 15:32:18.791738367,945.5821732283,509.57506185912496,"{'A','W','A','W'}",11.0,0.0,{}
2019-11-05 15:32:18.798881224,,,"{'A','W','A','W'}",4.5,1.0,{}
2019-11-05 15:32:18.806024081,945.330498768662,509.62307097567594,"{'A','W','A','W'}",0.0,0.0,{}
2019-11-05 15:32:18.813166938,944.8808954173301,508.58451192503,"{'A','W','A','W'}",0.0,0.0,{}
2019-11-05 15:32:18.820309795,,,"{'A','W'}",0.0,0.0,{}
2019-11-05 15:32:18.827452652,943.153685727321,508.291452472628,"{'A','W','A','W'}",0.0,0.0,{}
2019-11-05 15:32:18.834595509,,,"{'A','W'}",0.0,0.0,{}
2019-11-05 15:32:18.841738366,942.8386883405141,508.165820771599,"{'A','W','A','W'}",0.0,0.0,{}
2019-11-05 15:32:18.848881223,943.430177497473,507.52960377199,"{'A','W','A','W'}",0.0,0.0,{}
2019-11-05 15:32:18.856024080,,,"{'A','W','A','W'}",0.0,0.0,{}
2019-11-05 15:32:18.863166937,943.380224083758,507.13200066929,"{'A','W','A','W'}",0.0,0.0,{}
2019-11-05 15:32:18.870309794,939.989940489752,508.33475380204203,"{'A','W'}",0.0,0.0,{}
2019-11-05 15:32:18.877452651,,,"{'A','W','A','W'}",0.0,0.0,{}
2019-11-05 15:32:18.884595508,937.549553585995,511.204393284407,"{'A','W','A','W'}",0.0,0.0,{}
2019-11-05 15:32:18.891738365,937.6037255551331,512.610284418796,"{'A','W','W'}",0.0,0.0,{}
2019-11-05 15:32:18.898881222,,,"{'W','W'}",0.0,0.0,{}
2019-11-05 15:32:18.906024079,937.560535207305,512.598053336417,{'W'},0.0,0.0,{}
2019-11-05 15:32:18.913166936,937.534113310562,512.313703559027,"{'W','W'}",0.0,0.0,{}
2019-11-05 15:32:18.920309793,,,"{'W','W'}",0.0,0.0,{}
2019-11-05 15:32:18.927452650,937.6250341068599,511.593422912782,"{'W','W'}",0.0,0.0,{}
2019-11-05 15:32:18.934595507,,,{'W'},0.0,0.0,{}
2019-11-05 15:32:18.941738364,937.803387822428,511.423451583602,"{'W','W'}",0.0,0.0,{}
2019-11-05 15:32:18.948881221,938.06346290283,511.85613653186,"{'W','W'}",0.0,0.0,{}
2019-11-05 15:32:18.956024078,,,"{'W','W'}",0.0,0.0,{}
2019-11-05 15:32:18.963166935,941.120159675363,510.888175694739,{'W'},0.0,0.0,{}
2019-11-05 15:32:18.970309792,943.131112922917,510.505364218302,"{'W','W'}",0.0,0.0,{}
2019-11-05 15:32:18.977452649,,,"{'W','W'}",0.0,0.0,{}
2019-11-05 15:32:18.984595506,946.110782582906,511.025250245325,"{'W','W'}",0.0,0.0,{}
2019-11-05 15:32:18.991738363,949.727570221145,512.347150028163,{'W'},0.0,0.0,{}
2019-11-05 15:32:18.998881220,,,"{'W','W'}",0.0,0.0,{}
2019-11-05 15:32:19.006024077,951.7297281707001,513.487832651135,"{'W','W'}",0.0,0.0,{}
2019-11-05 15:32:19.013166934,952.091493583378,513.401558179797,"{'W','W'}",0.0,0.0,{}
2019-11-05 15:32:19.020309791,,,"{'W','W'}",0.0,0.0,{}
2019-11-05 15:32:19.027452648,952.7582229600802,514.017395333891,"{'W','W'}",-2.0,0.5,{}
2019-11-05 15:32:19.034595505,953.098255596222,513.92876192013,{'W'},-3.5,1.0,{}
2019-11-05 15:32:19.041738362,,,"{'W','W'}",-5.0,1.0,{}
2019-11-05 15:32:19.048881219,952.9045038996879,513.212887584239,"{'W','W'}",-9.5,1.5,{}
2019-11-05 15:32:19.056024076,953.161947005496,512.94177642177,"{'W','W'}",-16.5,2.5,{}
2019-11-05 15:32:19.063166933,,,"{'W','W'}",-25.0,3.5,{}
2019-11-05 15:32:19.070309790,953.105373887966,512.4884500243151,{'W'},-27.5,2.5,{}
2019-11-05 15:32:19.077452647,,,"{'W','W'}",-42.0,5.0,{}
2019-11-05 15:32:19.084595504,953.2426592923899,512.196006315404,"{'W','W'}",-49.0,4.5,{}
2019-11-05 15:32:19.091738361,954.0103805544239,511.824774648956,{'W'},-70.0,6.0,{}
2019-11-05 15:32:19.098881218,,,"{'W','W'}",-69.0,6.0,{}
2019-11-05 15:32:19.106024075,955.688558282794,509.561070596822,"{'W','W'}",-71.0,7.0,{}
2019-11-05 15:32:19.113166932,956.231745925212,508.87083733470297,"{'W','W'}",-71.5,6.5,{}
2019-11-05 15:32:19.120309789,,,{'W'},-72.0,6.0,{}
2019-11-05 15:32:19.127452646,956.841847583774,508.296468139842,"{'W','W'}",-83.0,7.5,{}
2019-11-05 15:32:19.134595503,,,"{'W','W'}",-25.0,2.5,{}
2019-11-05 15:32:19.141738360,961.3938228188921,507.71181158304705,{'W'},-99.5,9.5,{}
2019-11-05 15:32:19.148881217,970.699389743031,507.551145850252,"{'W','W'}",-73.0,8.0,{}
2019-11-05 15:32:19.156024074,973.305081915048,506.700342870739,"{'W','W'}",-48.5,6.0,{}
2019-11-05 15:32:19.163166931,,,"{'W','W'}",-35.0,5.0,{}
2019-11-05 15:32:19.170309788,976.2499520265302,506.335020172872,{'W'},-41.0,6.0,{}
2019-11-05 15:32:19.177452645,,,"{'D','W','D','W'}",-10.0,3.0,{}
2019-11-05 15:32:19.184595502,987.5996794722811,505.427391178576,"{'D','W','D','W'}",-4.5,4.5,{}
2019-11-05 15:32:19.191738359,994.943283275441,504.860999373898,"{'D','W'}",20.5,2.5,{}
2019-11-05 15:32:19.198881216,,,"{'D','W','D','W'}",32.0,0.5,{}
2019-11-05 15:32:19.206024073,1009.00506496999,501.657737219149,"{'D','W','D','W'}",45.0,0.0,{}
2019-11-05 15:32:19.213166930,1014.12917431905,500.471576819897,"{'D','W','D','W'}",58.0,-1.5,{}
2019-11-05 15:32:19.220309787,,,"{'D','W'}",69.5,-3.0,{}
2019-11-05 15:32:19.227452644,1012.58732532616,500.637979704005,"{'D','W','D','W'}",71.5,-3.0,{}
2019-11-05 15:32:19.234595501,,,"{'D','W','D','W'}",90.0,-4.0,{}
2019-11-05 15:32:19.241738358,1019.17968395584,498.870194298509,"{'D','W','D','W'}",94.0,-4.0,{}
2019-11-05 15:32:19.248881215,1022.3854130552901,497.807823018367,"{'D','W','D','W'}",104.0,-5.5,{}
2019-11-05 15:32:19.256024072,1023.6278051811399,496.64490121196,"{'D','W'}",108.0,-3.5,{}
2019-11-05 15:32:19.263166929,,,"{'D','W','D','W'}",112.5,-4.5,{}
2019-11-05 15:32:19.270309786,1018.91884551938,498.152392972146,"{'D','W','D','W'}",106.0,-4.0,{}
2019-11-05 15:32:19.277452643,,,"{'D','W','D','W'}",101.0,-5.0,{}
2019-11-05 15:32:19.284595500,1016.56807079131,498.251249853134,{'W'},104.0,-5.5,{}
2019-11-05 15:32:19.291738357,1008.23522020709,498.422080461461,"{'W','W'}",102.0,-4.5,{}
2019-11-05 15:32:19.298881214,,,"{'W','W'}",93.5,-6.0,{}
2019-11-05 15:32:19.306024071,1007.3844935610199,497.90259009319,"{'W','W'}",82.0,-7.0,{}
2019-11-05 15:32:19.313166928,1006.98106316935,497.705282138517,"{'W','W'}",75.0,-7.5,{}
2019-11-05 15:32:19.320309785,,,{'W'},61.0,-7.5,{}
2019-11-05 15:32:19.327452642,1008.0841534318301,498.139890716566,"{'W','W'}",39.5,-4.0,{}
2019-11-05 15:32:19.334595499,1008.31536904931,497.91909145087305,"{'W','A','W'}",27.0,-4.0,{}
2019-11-05 15:32:19.341738356,,,"{'A','W'}",8.0,-1.5,{}
2019-11-05 15:32:19.348881213,1005.1595594940801,499.142899441365,"{'A','W','A','W'}",0.0,0.0,{}
2019-11-05 15:32:19.356024070,1000.2458320078699,501.454277736485,"{'A','W','A','W'}",0.0,0.0,{}
2019-11-05 15:32:19.363166927,,,"{'A','W'}",0.0,0.0,{}
2019-11-05 15:32:19.370309784,998.834950023343,501.387031812476,"{'A','W','A','W'}",0.0,0.0,{}
2019-11-05 15:32:19.377452641,,,"{'A','W','A','W'}",0.0,0.0,{}
2019-11-05 15:32:19.384595498,996.173141769905,501.461255700103,"{'A','W','A','W'}",0.0,0.0,{}
2019-11-05 15:32:19.391738355,984.824559386958,503.909155097861,"{'A','W','A','W'}",0.0,0.0,{}
2019-11-05 15:32:19.398881212,,,"{'A','W','A','W'}",0.0,0.0,{}
2019-11-05 15:32:19.406024069,977.824403536472,506.09732754097604,"{'A','W'}",0.0,0.0,{}
2019-11-05 15:32:19.413166926,969.99143421401,507.678898158525,"{'A','W','A','W'}",0.0,0.0,{}
2019-11-05 15:32:19.420309783,,,"{'A','W','A','W'}",0.0,0.0,{}
2019-11-05 15:32:19.427452640,962.8054737808199,509.3760945507,"{'A','W'}",0.0,0.0,{}
2019-11-05 15:32:19.434595497,961.7067326857491,509.843438694511,"{'A','W','A','W'}",0.0,0.0,{}
2019-11-05 15:32:19.441738354,,,{'A'},0.0,0.0,{}
2019-11-05 15:32:19.448881211,963.979021430581,512.407117249785,"{'A','A'}",0.0,0.0,{}
2019-11-05 15:32:19.456024068,964.103662608249,511.214580994427,"{'A','A'}",0.0,0.0,{}
2019-11-05 15:32:19.463166925,,,"{'A','A'}",0.0,0.0,{}
2019-11-05 15:32:19.470309782,963.9846933488199,511.05507898856695,"{'A','A'}",0.0,0.0,{}
2019-11-05 15:32:19.477452639,,,{'A'},0.0,0.0,{}
2019-11-05 15:32:19.484595496,964.551075659747,510.232374139311,"{'A','A'}",0.0,0.0,{}
2019-11-05 15:32:19.491738353,967.217435688474,507.85741501783895,"{'A','A'}",0.0,0.0,{}
2019-11-05 15:32:19.498881210,,,"{'A','A'}",0.0,0.0,{}
2019-11-05 15:32:19.506024067,967.6957194327961,507.282803827345,"{'A','A'}",0.0,0.0,{}
2019-11-05 15:32:19.513166924,968.652786518414,506.299644650838,{'A'},3.0,0.0,{}
2019-11-05 15:32:19.520309781,,,"{'A','A'}",3.5,-0.5,{}
2019-11-05 15:32:19.527452638,970.1267292653349,504.747358280689,"{'A','A'}",6.0,0.0,{}
2019-11-05 15:32:19.534595495,,,"{'A','A'}",4.0,-1.5,{}
2019-11-05 15:32:19.541738352,970.746448405455,503.78715509741204,{'A'},1.0,-2.0,{}
2019-11-05 15:32:19.548881209,969.362288854162,502.767120080323,"{'A','A'}",0.0,-1.0,{}
2019-11-05 15:32:19.556024066,966.969612293062,499.95715751728795,"{'A','A'}",-4.0,-1.0,{}
2019-11-05 15:32:19.563166923,,,"{'A','A'}",-10.0,-1.5,{}
2019-11-05 15:32:19.570309780,935.7110063888009,494.763798071344,"{'A','A'}",-17.0,-3.0,{}
2019-11-05 15:32:19.577452637,,,{'A'},-20.0,-4.0,{}
2019-11-05 15:32:19.584595494,931.839437394947,493.97555638503405,"{'A','A'}",-26.0,-5.0,{}
2019-11-05 15:32:19.591738351,928.372870544572,493.705054848021,"{'A','A'}",-31.5,-6.0,{}
2019-11-05 15:32:19.598881208,,,"{'A','A'}",-32.5,-8.5,{}
2019-11-05 15:32:19.606024065,926.3002623049871,493.335820856607,{},-33.5,-10.5,{}
2019-11-05 15:32:19.613166922,923.637489917308,492.840905901109,{},-32.0,-13.0,{}
2019-11-05 15:32:19.620309779,,,{},-28.5,-13.5,{}
2019-11-05 15:32:19.627452636,920.509250158185,492.823337327656,{'LCONTROL'},-30.5,-17.0,{}
2019-11-05 15:32:19.634595493,917.3785282277969,492.815937894344,{'LCONTROL'},-24.0,-13.0,{}
2019-11-05 15:32:19.641738350,,,"{'LCONTROL','LCONTROL'}",-20.0,-10.5,{}
2019-11-05 15:32:19.648881207,922.474456811529,494.679979622138,"{'LCONTROL','LCONTROL'}",-20.0,-7.5,{}
2019-11-05 15:32:19.656024064,920.6106844566181,494.634073727333,"{'LCONTROL','LCONTROL'}",-11.5,-3.5,{}
2019-11-05 15:32:19.663166921,,,{'LCONTROL'},-9.0,-4.0,{}
2019-11-05 15:32:19.670309778,932.123780399472,499.901532097764,"{'LCONTROL','LCONTROL'}",-5.0,-1.0,{}
2019-11-05 15:32:19.677452635,,,"{'LCONTROL','LCONTROL'}",-0.5,0.0,{}
2019-11-05 15:32:19.684595492,934.2340652534599,501.0184199328,"{'LCONTROL','LCONTROL'}",0.0,0.0,{}
2019-11-05 15:32:19.691738349,931.235342753059,498.777279415005,{'LCONTROL'},0.0,-0.5,{}
2019-11-05 15:32:19.698881206,,,"{'LCONTROL','LCONTROL','LCONTROL'}",-1.5,0.0,{}
2019-11-05 15:32:19.706024063,919.628130782705,500.893576102506,{'LCONTROL'},-4.0,-0.5,{}
2019-11-05 15:32:19.713166920,913.404378446147,502.918274882861,"{'LCONTROL','LCONTROL'}",-9.0,-1.5,{}
2019-11-05 15:32:19.720309777,,,"{'LCONTROL','LCONTROL'}",-14.0,-1.0,{}
2019-11-05 15:32:19.727452634,915.496370322301,504.30134036147,"{'LCONTROL','LCONTROL'}",-17.0,0.0,{}
2019-11-05 15:32:19.734595491,914.532361001582,504.558030067972,{'LCONTROL'},-16.5,-0.5,{}
2019-11-05 15:32:19.741738348,,,"{'LCONTROL','LCONTROL'}",-16.0,0.0,{}
2019-11-05 15:32:19.748881205,913.8482310642801,504.85715969134696,"{'LCONTROL','LCONTROL'}",-3.0,0.0,{}
2019-11-05 15:32:19.756024062,913.468894313872,504.815764165899,"{'LCONTROL','LCONTROL'}",-9.0,0.0,{}
2019-11-05 15:32:19.763166919,,,{'LCONTROL'},-6.0,1.0,{}
2019-11-05 15:32:19.770309776,914.793446091458,505.619186726466,"{'LCONTROL','LCONTROL'}",-4.0,1.5,{}
2019-11-05 15:32:19.777452633,,,{'LCONTROL'},-2.0,0.0,{}
2019-11-05 15:32:19.784595490,915.167574228521,505.806559009427,"{'LCONTROL','LCONTROL'}",-0.5,1.5,{}
2019-11-05 15:32:19.791738347,921.0069065099369,506.14567254159005,"{'LCONTROL','LCONTROL'}",-1.0,3.0,{}
2019-11-05 15:32:19.798881204,,,"{'LCONTROL','LCONTROL'}",-1.0,2.5,{'LEFT'}
2019-11-05 15:32:19.806024061,921.964841887818,506.31917909543,"{'LCONTROL','LCONTROL'}",-2.0,3.5,{'LEFT'}
2019-11-05 15:32:19.813166918,923.968558567217,506.351016550927,{'LCONTROL'},-1.0,5.0,"{'LEFT','LEFT'}"
2019-11-05 15:32:19.820309775,,,"{'LCONTROL','LCONTROL'}",-1.0,2.5,"{'LEFT','LEFT'}"
2019-11-05 15:32:19.827452632,927.233966423367,506.710206419988,"{'LCONTROL','LCONTROL'}",0.0,1.5,"{'LEFT','LEFT'}"
2019-11-05 15:32:19.834595489,928.111191270202,505.543641526718,"{'LCONTROL','LCONTROL'}",0.0,0.5,{'LEFT'}
2019-11-05 15:32:19.841738346,,,{'LCONTROL'},0.0,0.0,"{'LEFT','LEFT'}"
2019-11-05 15:32:19.848881203,929.155685713958,505.372041105345,"{'LCONTROL','LCONTROL'}",0.0,1.0,"{'LEFT','LEFT'}"
2019-11-05 15:32:19.856024060,929.538607118406,505.379087663783,"{'LCONTROL','LCONTROL'}",0.0,0.5,"{'LEFT','LEFT'}"
2019-11-05 15:32:19.863166917,,,"{'LCONTROL','LCONTROL'}",-1.5,1.0,"{'LEFT','LEFT'}"
2019-11-05 15:32:19.870309774,930.0944778626781,505.641890153882,"{'LCONTROL','LCONTROL'}",-4.0,2.0,{'LEFT'}
2019-11-05 15:32:19.877452631,,,{'LCONTROL'},-6.0,3.0,"{'LEFT','LEFT'}"
2019-11-05 15:32:19.884595488,930.578966201813,505.589101530747,"{'LCONTROL','LCONTROL'}",-6.5,4.0,"{'LEFT','LEFT'}"
2019-11-05 15:32:19.891738345,931.238753020327,505.57658276352004,"{'LCONTROL','LCONTROL'}",-9.5,6.0,{'LEFT'}
2019-11-05 15:32:19.898881202,,,"{'LCONTROL','LCONTROL'}",-2.0,2.5,"{'LEFT','LEFT'}"
2019-11-05 15:32:19.906024059,933.393954228712,505.914552408338,{'LCONTROL'},-6.0,6.0,"{'LEFT','LEFT'}"
2019-11-05 15:32:19.913166916,935.3950496750571,506.532032272414,"{'LCONTROL','LCONTROL'}",-3.5,6.0,"{'LEFT','LEFT'}"
2019-11-05 15:32:19.920309773,,,"{'LCONTROL','LCONTROL'}",-0.5,5.0,{'LEFT'}
2019-11-05 15:32:19.927452630,940.3440700978019,508.377135535257,"{'LCONTROL','LCONTROL'}",1.0,5.0,"{'LEFT','LEFT'}"
2019-11-05 15:32:19.934595487,941.5781034083569,508.316098871015,{'LCONTROL'},1.0,5.0,"{'LEFT','LEFT'}"
2019-11-05 15:32:19.941738344,,,"{'LCONTROL','LCONTROL'}",2.0,2.5,"{'LEFT','LEFT'}"
2019-11-05 15:32:19.948881201,942.7222818272569,507.445683306717,"{'LCONTROL','LCONTROL'}",0.5,2.0,"{'LEFT','LEFT'}"
2019-11-05 15:32:19.956024058,944.328759486751,506.416580376874,"{'LCONTROL','LCONTROL'}",0.0,1.0,{'LEFT'}
2019-11-05 15:32:19.963166915,,,{'LCONTROL'},0.0,0.5,"{'LEFT','LEFT'}"
2019-11-05 15:32:19.970309772,945.4108928911901,506.326545846327,"{'LCONTROL','LCONTROL'}",0.0,1.0,{}
2019-11-05 15:32:19.977452629,,,"{'LCONTROL','LCONTROL'}",-1.0,0.5,{}
2019-11-05 15:32:19.984595486,946.8348494989881,505.42504080627,"{'LCONTROL','LCONTROL'}",-1.0,0.5,{}
2019-11-05 15:32:19.991738343,948.6871940130369,504.806224659053,{'LCONTROL'},-1.0,0.0,{}
2019-11-05 15:32:19.998881200,,,"{'LCONTROL','LCONTROL'}",-1.0,1.0,{}
2019-11-05 15:32:20.006024057,950.798149361416,503.26761609529007,"{'LCONTROL','LCONTROL'}",0.0,0.5,{}
2019-11-05 15:32:20.013166914,951.263697225809,502.757371206048,"{'LCONTROL','LCONTROL'}",0.0,0.0,{}
2019-11-05 15:32:20.020309771,,,"{'LCONTROL','LCONTROL'}",0.0,1.0,{}
2019-11-05 15:32:20.027452628,951.631816505138,501.17152755862503,{'LCONTROL'},-1.0,0.5,{}
2019-11-05 15:32:20.034595485,952.011065294509,500.820910417825,"{'LCONTROL','LCONTROL'}",-1.0,1.0,{}
2019-11-05 15:32:20.041738342,,,"{'LCONTROL','LCONTROL'}",-3.0,1.5,{}
2019-11-05 15:32:20.048881199,952.432445766512,500.295981732707,"{'LCONTROL','LCONTROL'}",-3.5,1.5,{}
2019-11-05 15:32:20.056024056,953.584076105651,499.627452653911,{'LCONTROL'},-4.0,1.0,{}
2019-11-05 15:32:20.063166913,,,"{'LCONTROL','LCONTROL'}",-0.5,0.0,{}
2019-11-05 15:32:20.070309770,954.010531244534,499.322431930355,"{'LCONTROL','LCONTROL'}",0.0,0.0,{}
2019-11-05 15:32:20.077452627,,,{'LCONTROL'},-1.0,0.0,{}
2019-11-05 15:32:20.084595484,954.1538006553819,499.660165509947,"{'LCONTROL','LCONTROL'}",0.5,0.0,{}
2019-11-05 15:32:20.091738341,952.871864557133,498.740490206614,"{'LCONTROL','LCONTROL'}",2.0,0.0,{}
2019-11-05 15:32:20.098881198,,,"{'LCONTROL','LCONTROL'}",6.5,-2.5,{}
2019-11-05 15:32:20.106024055,952.893536772239,498.673803433388,{'LCONTROL'},9.5,-3.5,{}
2019-11-05 15:32:20.113166912,952.648191885057,498.51330168364996,"{'LCONTROL','LCONTROL'}",9.0,-4.0,{}
2019-11-05 15:32:20.120309769,,,"{'LCONTROL','LCONTROL'}",8.0,-5.0,{}
2019-11-05 15:32:20.127452626,953.466560826625,498.912864942932,"{'LCONTROL','LCONTROL'}",5.5,-3.5,{}
2019-11-05 15:32:20.134595483,953.370357338277,498.58144911936205,{'LCONTROL'},3.0,-4.5,{}
2019-11-05 15:32:20.141738340,,,"{'LCONTROL','LCONTROL'}",1.0,-2.0,{}
2019-11-05 15:32:20.148881197,952.9452551921851,497.89439067177,"{'LCONTROL','LCONTROL'}",0.0,-1.0,{}
2019-11-05 15:32:20.156024054,952.414848078637,497.69192720230103,"{'LCONTROL','LCONTROL'}",0.0,0.0,{'LEFT'}
2019-11-05 15:32:20.163166911,,,{'LCONTROL'},0.0,0.0,"{'LEFT','LEFT'}"
2019-11-05 15:32:20.170309768,951.520930769342,497.42052053865996,"{'LCONTROL','LCONTROL'}",0.0,0.0,"{'LEFT','LEFT'}"
2019-11-05 15:32:20.177452625,,,"{'LCONTROL','LCONTROL'}",0.0,0.0,{'LEFT'}
2019-11-05 15:32:20.184595482,951.478506985392,497.606684170059,{'LCONTROL'},0.0,0.0,"{'LEFT','LEFT'}"
2019-11-05 15:32:20.191738339,951.770160247668,498.392099324337,"{'LCONTROL','LCONTROL'}",0.0,0.0,"{'LEFT','LEFT'}"
2019-11-05 15:32:20.198881196,,,"{'LCONTROL','LCONTROL'}",0.0,0.0,"{'LEFT','LEFT'}"
2019-11-05 15:32:20.206024053,951.031880878652,500.21808783418504,{'LCONTROL'},0.0,0.0,{'LEFT'}
2019-11-05 15:32:20.213166910,950.140143483531,502.457582951661,"{'LCONTROL','LCONTROL'}",-0.5,0.0,"{'LEFT','LEFT'}"
2019-11-05 15:32:20.220309767,,,"{'LCONTROL','LCONTROL'}",-0.5,0.0,"{'LEFT','LEFT'}"
2019-11-05 15:32:20.227452624,949.7771451044009,502.557620913956,"{'LCONTROL','LCONTROL'}",-2.0,-1.5,"{'LEFT','LEFT'}"
2019-11-05 15:32:20.234595481,949.318718274507,503.57252291771,{'LCONTROL'},-1.0,-1.0,{'LEFT'}
2019-11-05 15:32:20.241738338,,,"{'LCONTROL','LCONTROL'}",-2.5,-1.0,{'LEFT'}
2019-11-05 15:32:20.248881195,948.181561533638,503.33684196291495,"{'LCONTROL','LCONTROL'}",-4.0,-2.0,{}
2019-11-05 15:32:20.256024052,947.603684135663,503.50599423387496,"{'LCONTROL','LCONTROL'}",-4.5,-0.5,{}
2019-11-05 15:32:20.263166909,,,"{'LCONTROL','LCONTROL'}",-5.0,0.0,{}
2019-11-05 15:32:20.270309766,947.5458509270829,503.65977815519994,"{'LCONTROL','LCONTROL'}",-6.0,1.0,{}
2019-11-05 15:32:20.277452623,,,{'LCONTROL'},-5.0,2.0,{}
2019-11-05 15:32:20.284595480,947.805493853706,504.696312468687,"{'LCONTROL','LCONTROL'}",-6.0,2.0,{}
2019-11-05 15:32:20.291738337,949.639829944935,506.120846713403,{'LCONTROL'},-3.0,2.5,{}
2019-11-05 15:32:20.298881194,,,"{'LCONTROL','LCONTROL'}",-0.5,0.5,{}
2019-11-05 15:32:20.306024051,950.534575334082,506.261657596668,"{'LCONTROL','LCONTROL'}",0.0,0.5,{}
2019-11-05 15:32:20.313166908,951.8427215144991,507.063704623313,"{'LCONTROL','LCONTROL'}",0.0,0.0,{'LEFT'}
2019-11-05 15:32:20.320309765,,,"{'LCONTROL','LCONTROL'}",0.0,0.0,"{'LEFT','LEFT'}"
2019-11-05 15:32:20.327452622,951.966061965699,506.971279886433,{'LCONTROL'},0.0,0.0,{'LEFT'}
2019-11-05 15:32:20.334595479,952.106802225269,506.64716485246805,"{'LCONTROL','LCONTROL'}",0.0,0.0,"{'LEFT','LEFT'}"
2019-11-05 15:32:20.341738336,,,"{'LCONTROL','LCONTROL'}",0.0,0.0,"{'LEFT','LEFT'}"
2019-11-05 15:32:20.348881193,952.4684426889439,505.472236282241,{'LCONTROL'},0.0,0.0,{'LEFT'}
2019-11-05 15:32:20.356024050,952.900791933229,504.89020098067397,"{'LCONTROL','LCONTROL'}",0.0,0.0,"{'LEFT','LEFT'}"
2019-11-05 15:32:20.363166907,,,"{'LCONTROL','LCONTROL'}",0.0,0.0,"{'LEFT','LEFT'}"
2019-11-05 15:32:20.370309764,953.025655337558,503.104556340198,{'LCONTROL'},0.0,0.0,"{'LEFT','LEFT'}"
2019-11-05 15:32:20.377452621,,,"{'LCONTROL','LCONTROL'}",-1.0,1.0,{'LEFT'}
2019-11-05 15:32:20.384595478,953.1233416811699,502.57028062365896,"{'LCONTROL','LCONTROL'}",-1.5,2.0,"{'LEFT','LEFT'}"
2019-11-05 15:32:20.391738335,952.812052189201,502.770406359185,"{'LCONTROL','LCONTROL'}",-3.0,1.5,"{'LEFT','LEFT'}"
2019-11-05 15:32:20.398881192,,,"{'LCONTROL','LCONTROL'}",-2.5,2.0,"{'LEFT','LEFT'}"
2019-11-05 15:32:20.406024049,952.889350930345,504.699152081636,{'LCONTROL'},-2.0,1.0,{'LEFT'}
2019-11-05 15:32:20.413166906,952.768566824102,504.59087372708296,"{'LCONTROL','LCONTROL'}",-1.0,0.5,{}
2019-11-05 15:32:20.420309763,,,"{'LCONTROL','LCONTROL'}",0.0,1.0,{}
2019-11-05 15:32:20.427452620,952.646756356307,504.676761102001,{'LCONTROL'},0.0,0.0,{}
2019-11-05 15:32:20.434595477,952.706159164651,504.76943113733904,"{'LCONTROL','LCONTROL'}",0.0,0.0,{}
2019-11-05 15:32:20.441738334,,,"{'LCONTROL','LCONTROL'}",0.0,0.0,{}
2019-11-05 15:32:20.448881191,952.601693108645,505.309126661455,"{'LCONTROL','LCONTROL'}",0.5,0.5,{}
2019-11-05 15:32:20.456024048,952.2574357951961,505.458131576194,"{'LCONTROL','LCONTROL'}",0.5,0.5,{}
2019-11-05 15:32:20.463166905,,,{'LCONTROL'},0.0,1.0,{}
2019-11-05 15:32:20.470309762,952.2561396673331,504.985413001576,"{'LCONTROL','LCONTROL'}",0.0,0.5,{}
2019-11-05 15:32:20.477452619,,,"{'LCONTROL','LCONTROL'}",-0.5,1.5,{}
2019-11-05 15:32:20.484595476,952.10555303291,505.027939189841,{'LCONTROL'},0.0,0.0,{}
2019-11-05 15:32:20.491738333,952.3691685932049,503.05078355415804,"{'LCONTROL','LCONTROL'}",0.0,0.5,"{'LEFT','LEFT'}"
2019-11-05 15:32:20.498881190,,,"{'LCONTROL','LCONTROL'}",0.0,0.0,"{'LEFT','LEFT'}"
2019-11-05 15:32:20.506024047,953.059650998207,501.52926024272995,"{'LCONTROL','LCONTROL'}",0.0,0.0,{'LEFT'}
2019-11-05 15:32:20.513166904,953.098122334442,501.673416812714,"{'LCONTROL','LCONTROL'}",0.0,0.0,"{'LEFT','LEFT'}"
2019-11-05 15:32:20.520309761,,,{'LCONTROL'},0.0,0.0,"{'LEFT','LEFT'}"
2019-11-05 15:32:20.527452618,953.148669846912,501.68802132980994,"{'LCONTROL','LCONTROL'}",2.5,0.0,"{'LEFT','LEFT'}"
2019-11-05 15:32:20.534595475,952.893776975961,502.79205466773203,"{'LCONTROL','LCONTROL'}",1.5,0.0,{'LEFT'}
2019-11-05 15:32:20.541738332,,,"{'LCONTROL','LCONTROL'}",2.0,-0.5,"{'LEFT','LEFT'}"
2019-11-05 15:32:20.548881189,952.8206526703759,502.793090130227,{'LCONTROL'},1.0,-1.0,"{'LEFT','LEFT'}"
2019-11-05 15:32:20.556024046,952.7735345209089,502.689724605384,"{'LCONTROL','LCONTROL'}",1.0,-0.5,{'LEFT'}
2019-11-05 15:32:20.563166903,,,"{'LCONTROL','LCONTROL'}",0.0,0.0,{}
2019-11-05 15:32:20.570309760,952.866442783766,502.822664141588,"{'LCONTROL','LCONTROL'}",0.0,0.0,{}
2019-11-05 15:32:20.577452617,,,{'LCONTROL'},0.0,0.0,{}
2019-11-05 15:32:20.584595474,953.391363956091,503.759627904217,"{'LCONTROL','LCONTROL'}",0.0,0.0,{}
2019-11-05 15:32:20.591738331,953.393645355706,504.02218449996695,"{'LCONTROL','LCONTROL'}",0.0,0.0,{}
2019-11-05 15:32:20.598881188,,,"{'LCONTROL','LCONTROL'}",-0.5,0.0,{}
2019-11-05 15:32:20.606024045,953.339774551862,504.13177153444,"{'LCONTROL','LCONTROL'}",0.0,1.0,{}
2019-11-05 15:32:20.613166902,952.570118586891,505.34156144757105,"{'LCONTROL','LCONTROL'}",-0.5,0.0,{}
2019-11-05 15:32:20.620309759,,,{'LCONTROL'},0.0,0.0,{}
2019-11-05 15:32:20.627452616,951.546106550449,506.68286195635,"{'LCONTROL','LCONTROL'}",0.0,0.0,{'LEFT'}
2019-11-05 15:32:20.634595473,951.595840081783,506.99825185628504,"{'LCONTROL','LCONTROL'}",0.0,0.0,{'LEFT'}
2019-11-05 15:32:20.641738330,,,"{'LCONTROL','LCONTROL'}",0.0,0.0,"{'LEFT','LEFT'}"
2019-11-05 15:32:20.648881187,951.5952183619611,507.228499474886,{'LCONTROL'},0.0,0.0,"{'LEFT','LEFT'}"
2019-11-05 15:32:20.656024044,952.0209203026061,508.23662650951303,"{'LCONTROL','LCONTROL'}",1.0,0.0,"{'LEFT','LEFT'}"
2019-11-05 15:32:20.663166901,,,"{'LCONTROL','LCONTROL'}",2.5,0.0,{'LEFT'}
2019-11-05 15:32:20.670309758,951.999263142855,508.552208494655,"{'LCONTROL','LCONTROL'}",4.0,-0.5,"{'LEFT','LEFT'}"
2019-11-05 15:32:20.677452615,,,{'LCONTROL'},6.0,0.0,"{'LEFT','LEFT'}"
2019-11-05 15:32:20.684595472,951.7406942666189,507.596174233135,"{'LCONTROL','LCONTROL'}",6.5,-0.5,"{'LEFT','LEFT'}"
2019-11-05 15:32:20.691738329,951.017479219383,506.908244549788,"{'LCONTROL','LCONTROL'}",7.0,0.5,{'LEFT'}
2019-11-05 15:32:20.698881186,,,{'LCONTROL'},8.0,3.0,{'LEFT'}
2019-11-05 15:32:20.706024043,950.5249839644839,507.178825458849,"{'LCONTROL','LCONTROL'}",5.0,1.5,{}
2019-11-05 15:32:20.713166900,950.1078023193089,507.019127224873,"{'LCONTROL','LCONTROL'}",2.5,2.0,{}
2019-11-05 15:32:20.720309757,,,"{'LCONTROL','LCONTROL'}",0.0,1.0,{}
2019-11-05 15:32:20.727452614,949.42466418526,507.289334375592,{'LCONTROL'},0.0,1.0,{}
2019-11-05 15:32:20.734595471,949.0414439411501,507.667248542847,"{'LCONTROL','LCONTROL'}",-1.5,2.0,{}
2019-11-05 15:32:20.741738328,,,"{'LCONTROL','LCONTROL'}",-3.0,2.5,{}
2019-11-05 15:32:20.748881185,947.384696308371,509.272727548924,"{'LCONTROL','LCONTROL'}",-0.5,0.0,{}
2019-11-05 15:32:20.756024042,946.510536223748,509.23791647886594,"{'LCONTROL','LCONTROL'}",-3.0,1.5,{}
2019-11-05 15:32:20.763166899,,,{'LCONTROL'},-5.0,5.0,{}
2019-11-05 15:32:20.770309756,946.304549029875,508.753663851472,"{'LCONTROL','LCONTROL'}",-2.0,0.5,{'LEFT'}
2019-11-05 15:32:20.777452613,,,"{'LCONTROL','LCONTROL'}",-0.5,0.5,{'LEFT'}
2019-11-05 15:32:20.784595470,947.1933445543381,507.416693177182,"{'LCONTROL','LCONTROL'}",0.0,0.0,"{'LEFT','LEFT'}"
2019-11-05 15:32:20.791738327,946.859368490428,507.561807179858,{'LCONTROL'},0.0,0.0,"{'LEFT','LEFT'}"
2019-11-05 15:32:20.798881184,,,"{'LCONTROL','LCONTROL'}",0.0,0.5,"{'LEFT','LEFT'}"
2019-11-05 15:32:20.806024041,946.2185822922729,508.17043052220396,"{'LCONTROL','LCONTROL'}",-0.5,0.0,"{'LEFT','LEFT'}"
2019-11-05 15:32:20.813166898,946.369019758429,509.115583015636,"{'LCONTROL','LCONTROL'}",-0.5,1.0,{'LEFT'}
2019-11-05 15:32:20.820309755,,,"{'LCONTROL','LCONTROL'}",-1.0,1.0,"{'LEFT','LEFT'}"
2019-11-05 15:32:20.827452612,946.508848193339,511.004836996518,{'LCONTROL'},-3.0,1.0,{'LEFT'}
2019-11-05 15:32:20.834595469,946.667829952737,511.2809328145901,"{'LCONTROL','LCONTROL'}",-2.0,0.5,{}
2019-11-05 15:32:20.841738326,,,"{'LCONTROL','LCONTROL'}",-3.0,0.5,{}
2019-11-05 15:32:20.848881183,946.944614410186,511.013220861586,"{'LCONTROL','LCONTROL'}",-1.5,0.5,{}
2019-11-05 15:32:20.856024040,947.113295056575,510.643406989227,"{'LCONTROL','LCONTROL'}",-1.0,0.0,{}
2019-11-05 15:32:20.863166897,,,{'LCONTROL'},-2.0,0.0,{}
2019-11-05 15:32:20.870309754,948.550889909918,509.28166117725095,"{'LCONTROL','LCONTROL'}",0.0,0.0,{}
2019-11-05 15:32:20.877452611,,,"{'LCONTROL','LCONTROL'}",0.0,0.0,{}
2019-11-05 15:32:20.884595468,948.5771660486861,509.12698210904404,"{'LCONTROL','LCONTROL'}",0.0,0.0,{}
2019-11-05 15:32:20.891738325,948.5975943811121,506.756159003994,"{'LCONTROL','LCONTROL'}",0.0,0.0,{}
2019-11-05 15:32:20.898881182,,,"{'LCONTROL','LCONTROL'}",0.0,0.0,{}
2019-11-05 15:32:20.906024039,948.529881585918,506.005743884219,{'LCONTROL'},0.0,0.0,{}
2019-11-05 15:32:20.913166896,948.454979888284,506.401107153374,"{'LCONTROL','LCONTROL'}",0.0,0.0,{}
2019-11-05 15:32:20.920309753,,,{'LCONTROL'},-1.0,-2.0,{}
2019-11-05 15:32:20.927452610,948.4009658969031,506.16996910267,"{'LCONTROL','LCONTROL'}",-1.0,-0.5,{}
2019-11-05 15:32:20.934595467,949.0936725810859,504.233929173844,"{'LCONTROL','LCONTROL'}",-1.5,0.0,{}
2019-11-05 15:32:20.941738324,,,"{'LCONTROL','LCONTROL'}",-1.5,-0.5,{}
2019-11-05 15:32:20.948881181,949.6220458713369,503.85770443767797,{'LCONTROL'},-1.0,0.0,{}
2019-11-05 15:32:20.956024038,951.1263869820759,505.133159066045,"{'LCONTROL','LCONTROL'}",-1.0,0.0,{}
2019-11-05 15:32:20.963166895,,,"{'LCONTROL','LCONTROL'}",-1.5,0.0,{}
2019-11-05 15:32:20.970309752,951.029007764093,505.45112561699204,"{'LCONTROL','LCONTROL'}",-2.0,0.5,{}
2019-11-05 15:32:20.977452609,,,{'LCONTROL'},-2.0,0.0,{}
2019-11-05 15:32:20.984595466,949.937578483194,506.920326775618,"{'LCONTROL','LCONTROL'}",-3.5,0.5,{}
2019-11-05 15:32:20.991738323,949.967188218439,506.89442976998004,"{'LCONTROL','LCONTROL'}",-4.0,0.0,{}
2019-11-05 15:32:20.998881180,,,"{'LCONTROL','LCONTROL'}",-2.5,0.0,{}
2019-11-05 15:32:21.006024037,950.257436356817,509.304196387996,"{'LCONTROL','LCONTROL'}",-2.5,0.0,{}
2019-11-05 15:32:21.013166894,951.116190109374,515.024045722004,{'LCONTROL'},0.0,0.0,{}
2019-11-05 15:32:21.020309751,,,"{'LCONTROL','LCONTROL'}",0.0,0.0,{}
2019-11-05 15:32:21.027452608,951.9975119065041,517.6512711930001,{'LCONTROL'},0.0,0.0,{}
2019-11-05 15:32:21.034595465,953.958842757523,510.27477299069506,"{'LCONTROL','LCONTROL'}",0.0,0.0,{}
2019-11-05 15:32:21.041738322,,,"{'LCONTROL','LCONTROL'}",0.0,0.0,{}
2019-11-05 15:32:21.048881179,953.9370787951229,510.278065624631,"{'LCONTROL','LCONTROL'}",0.0,0.0,"{'LEFT','LEFT'}"
2019-11-05 15:32:21.056024036,954.1413727011211,509.895409395959,"{'LCONTROL','LCONTROL'}",0.0,0.0,"{'LEFT','LEFT'}"
2019-11-05 15:32:21.063166893,,,{'LCONTROL'},0.0,-1.0,"{'LEFT','LEFT'}"
2019-11-05 15:32:21.070309750,954.558598896255,509.93423541333505,"{'LCONTROL','LCONTROL'}",0.0,0.0,{'LEFT'}
2019-11-05 15:32:21.077452607,,,"{'LCONTROL','LCONTROL'}",0.5,0.0,"{'LEFT','LEFT'}"
2019-11-05 15:32:21.084595464,955.051256271201,509.487003083652,"{'LCONTROL','LCONTROL'}",0.0,0.0,"{'LEFT','LEFT'}"
2019-11-05 15:32:21.091738321,956.0433556784219,504.287601837335,{'LCONTROL'},0.0,0.0,"{'LEFT','LEFT'}"
2019-11-05 15:32:21.098881178,,,"{'LCONTROL','LCONTROL'}",0.0,-1.0,"{'LEFT','LEFT'}"
2019-11-05 15:32:21.106024035,956.501245505937,501.807222884097,"{'LCONTROL','LCONTROL'}",0.0,-0.5,{'LEFT'}
2019-11-05 15:32:21.113166892,955.953599122215,502.31627107709704,"{'LCONTROL','LCONTROL'}",0.0,-0.5,"{'LEFT','LEFT'}"
2019-11-05 15:32:21.120309749,,,"{'LCONTROL','LCONTROL'}",0.0,-0.5,"{'LEFT','LEFT'}"
2019-11-05 15:32:21.127452606,955.771499131219,502.789467117991,{'LCONTROL'},0.0,0.0,"{'LEFT','LEFT'}"
2019-11-05 15:32:21.134595463,955.473203314352,503.054702291996,"{'LCONTROL','LCONTROL'}",0.0,0.0,{'LEFT'}
2019-11-05 15:32:21.141738320,,,"{'LCONTROL','LCONTROL'}",0.0,-0.5,{}
2019-11-05 15:32:21.148881177,955.611497739411,503.686739159944,"{'LCONTROL','LCONTROL'}",0.0,0.0,{}
2019-11-05 15:32:21.156024034,955.732959404194,503.81759730793294,"{'LCONTROL','LCONTROL'}",0.0,0.0,{}
2019-11-05 15:32:21.163166891,,,{'LCONTROL'},0.0,0.0,{}
2019-11-05 15:32:21.170309748,955.725948089203,504.743144648723,"{'LCONTROL','LCONTROL'}",0.0,0.0,{}
2019-11-05 15:32:21.177452605,,,"{'LCONTROL','LCONTROL'}",0.0,0.0,{'LEFT'}
2019-11-05 15:32:21.184595462,955.995890701167,504.99114191217,{'LCONTROL'},0.0,0.0,"{'LEFT','LEFT'}"
2019-11-05 15:32:21.191738319,955.538575415215,506.535253719348,"{'LCONTROL','LCONTROL'}",0.0,0.0,{'LEFT'}
2019-11-05 15:32:21.198881176,955.417463651228,509.496001604206,"{'LCONTROL','LCONTROL'}",0.0,0.0,"{'LEFT','LEFT','LEFT'}"
2019-11-05 15:32:21.206024033,,,"{'LCONTROL','LCONTROL'}",0.0,0.0,{'LEFT'}
2019-11-05 15:32:21.213166890,956.1522997888319,510.425557240561,"{'LCONTROL','LCONTROL'}",0.0,0.0,"{'LEFT','LEFT'}"
2019-11-05 15:32:21.220309747,,,{'LCONTROL'},0.0,0.0,{'LEFT'}
2019-11-05 15:32:21.227452604,956.2838255159289,510.92871808474405,"{'LCONTROL','LCONTROL'}",0.0,0.0,"{'LEFT','LEFT'}"
2019-11-05 15:32:21.234595461,956.3199667033219,510.245795795427,"{'LCONTROL','LCONTROL'}",0.0,0.0,"{'LEFT','LEFT'}"
2019-11-05 15:32:21.241738318,,,{'LCONTROL'},0.0,0.0,"{'LEFT','LEFT'}"
2019-11-05 15:32:21.248881175,954.628859100059,508.29621141592,"{'LCONTROL','LCONTROL'}",2.5,0.0,"{'LEFT','LEFT'}"
2019-11-05 15:32:21.256024032,953.1294341237559,507.38998455765403,"{'LCONTROL','LCONTROL'}",3.0,0.0,{'LEFT'}
2019-11-05 15:32:21.263166889,,,"{'LCONTROL','LCONTROL'}",3.5,-1.0,"{'LEFT','LEFT'}"
2019-11-05 15:32:21.270309746,953.0957777368851,507.802230110263,"{'LCONTROL','LCONTROL'}",3.0,0.0,"{'LEFT','LEFT'}"
2019-11-05 15:32:21.277452603,952.950668294184,507.794958244632,{'LCONTROL'},4.0,0.0,{}
2019-11-05 15:32:21.284595460,,,"{'LCONTROL','LCONTROL'}",1.0,0.0,{}
2019-11-05 15:32:21.291738317,953.562583255217,508.792847978014,"{'LCONTROL','LCONTROL'}",0.0,0.0,{}
2019-11-05 15:32:21.298881174,,,"{'LCONTROL','LCONTROL'}",0.0,0.0,{}
2019-11-05 15:32:21.306024031,953.591887550475,508.742160207204,"{'LCONTROL','LCONTROL'}",0.0,0.0,{}
2019-11-05 15:32:21.313166888,953.325484714439,508.51367795034105,{'LCONTROL'},0.0,0.5,{}
2019-11-05 15:32:21.320309745,,,"{'LCONTROL','LCONTROL'}",0.0,0.5,{}
2019-11-05 15:32:21.327452602,954.1302404270559,507.135249959656,"{'LCONTROL','LCONTROL'}",0.0,1.0,{}
2019-11-05 15:32:21.334595459,954.7131881526041,507.70589213192903,"{'LCONTROL','LCONTROL'}",0.0,1.0,{}
2019-11-05 15:32:21.341738316,,,{'LCONTROL'},0.0,1.5,{}
2019-11-05 15:32:21.348881173,954.9936470990029,508.151296446411,"{'LCONTROL','LCONTROL'}",0.0,0.5,{}
2019-11-05 15:32:21.356024030,955.1909335317509,508.793939391862,"{'LCONTROL','LCONTROL'}",0.0,0.5,{}
2019-11-05 15:32:21.363166887,,,"{'LCONTROL','LCONTROL'}",0.0,1.0,{}
2019-11-05 15:32:21.370309744,954.304073761189,510.91217557157603,{'LCONTROL'},0.5,1.5,{}
2019-11-05 15:32:21.377452601,,,"{'LCONTROL','LCONTROL'}",1.5,0.5,{}
2019-11-05 15:32:21.384595458,954.3538813397031,510.81342120373,"{'LCONTROL','LCONTROL'}",3.0,0.0,{}
2019-11-05 15:32:21.391738315,954.327181036161,510.65182726931704,"{'LCONTROL','LCONTROL'}",5.0,0.5,{}
2019-11-05 15:32:21.398881172,,,"{'LCONTROL','LCONTROL'}",10.5,0.0,{}
2019-11-05 15:32:21.406024029,954.2589082390359,510.17914618164804,"{'W','LCONTROL'}",16.0,0.0,{}
2019-11-05 15:32:21.413166886,953.706651680605,509.72327530897905,"{'W','LCONTROL','W','LCONTROL'}",22.0,0.5,{}
2019-11-05 15:32:21.420309743,,,"{'W','LCONTROL','W','LCONTROL'}",25.0,1.0,{}
2019-11-05 15:32:21.427452600,952.3584373944,508.090487525672,"{'W','LCONTROL'}",29.5,2.0,{}
2019-11-05 15:32:21.434595457,951.303744628056,507.16414394709506,"{'W','LCONTROL','W','LCONTROL'}",34.5,1.0,{}
2019-11-05 15:32:21.441738314,,,"{'W','LCONTROL','W','LCONTROL'}",42.5,2.5,{}
2019-11-05 15:32:21.448881171,950.071269894709,506.53231166533,"{'W','W'}",49.0,4.0,{}
2019-11-05 15:32:21.456024028,949.790062545266,506.20475748553497,{'W'},54.0,3.5,{}
2019-11-05 15:32:21.463166885,,,"{'W','W'}",23.5,1.5,{}
2019-11-05 15:32:21.470309742,949.155461138592,505.380628359184,"{'W','W'}",67.0,3.5,{}
2019-11-05 15:32:21.477452599,,,"{'W','W'}",-15.0,0.0,{}
2019-11-05 15:32:21.484595456,948.282520694845,504.85372040109297,{'W'},74.5,3.5,{}
2019-11-05 15:32:21.491738313,948.949755983562,504.875002164912,"{'W','W'}",78.5,1.5,{}
2019-11-05 15:32:21.498881170,,,"{'W','W'}",68.0,1.0,{}
2019-11-05 15:32:21.506024027,944.8554506808059,504.769555651307,"{'W','W'}",30.0,0.0,{}
2019-11-05 15:32:21.513166884,941.240322023618,504.189248539022,{'W'},-43.0,0.0,{}
2019-11-05 15:32:21.520309741,,,"{'W','W'}",96.0,0.0,{}
2019-11-05 15:32:21.527452598,934.5147339084509,503.626303510407,"{'W','W'}",83.0,0.0,{}
2019-11-05 15:32:21.534595455,937.754049102516,505.477723322323,"{'W','W'}",77.5,0.0,{}
2019-11-05 15:32:21.541738312,,,"{'W','W'}",75.0,-1.0,{}
2019-11-05 15:32:21.548881169,942.035617336084,505.225304319504,"{'W','W'}",68.5,-0.5,{}
2019-11-05 15:32:21.556024026,955.4655265568871,504.418196917219,{'W'},20.5,-1.0,{}
2019-11-05 15:32:21.563166883,,,"{'W','W'}",51.0,-3.5,{}
2019-11-05 15:32:21.570309740,978.8053771182621,505.261709182089,"{'W','W'}",40.0,-5.0,{}
2019-11-05 15:32:21.577452597,984.340364550284,504.95859621550903,"{'W','W'}",31.0,-4.0,{}
2019-11-05 15:32:21.584595454,,,{'W'},27.0,-4.5,{}
2019-11-05 15:32:21.591738311,982.644420695021,505.672858165075,"{'W','W'}",31.0,-8.0,{}
2019-11-05 15:32:21.598881168,,,{'W'},13.5,-4.0,{}
2019-11-05 15:32:21.606024025,978.9082422997909,506.26912943234396,"{'W','W'}",6.0,-2.0,{}
2019-11-05 15:32:21.613166882,974.5050418054151,506.440258972326,"{'A','W','A','W'}",2.0,-2.0,{}
2019-11-05 15:32:21.620309739,,,"{'A','W','A','W'}",0.0,0.0,{}
2019-11-05 15:32:21.627452596,964.4822315269009,505.478832266924,"{'A','W'}",-1.0,-0.5,{}
2019-11-05 15:32:21.634595453,963.415348689852,505.922818454539,"{'A','W','A','W'}",-3.0,0.5,{}
2019-11-05 15:32:21.641738310,,,"{'A','W','A','W'}",-12.0,3.0,{}
2019-11-05 15:32:21.648881167,963.630778009701,506.46051506882105,"{'A','W','A','W'}",-14.0,2.0,{}
2019-11-05 15:32:21.656024024,954.9378943558611,506.943661188435,"{'A','W'}",-19.0,4.0,{}
2019-11-05 15:32:21.663166881,,,"{'A','W','A','W'}",-23.0,3.5,{}
2019-11-05 15:32:21.670309738,947.033370279043,507.437224794875,"{'A','W','A','W'}",-31.5,3.5,{}
2019-11-05 15:32:21.677452595,939.2589979911,508.316970162604,"{'A','W','A','W'}",-62.5,5.0,{}
2019-11-05 15:32:21.684595452,,,"{'A','W'}",-43.5,1.5,{}
2019-11-05 15:32:21.691738309,931.580531585194,509.706240000205,"{'A','W','A','W'}",-48.0,1.0,{}
2019-11-05 15:32:21.698881166,931.58571750202,513.157383053984,"{'A','W','A','W'}",-50.0,1.5,{}
2019-11-05 15:32:21.706024023,,,"{'A','W','A','W'}",-47.5,1.0,{}
2019-11-05 15:32:21.713166880,932.793422779785,517.3312790589321,"{'A','W','A','W'}",-52.0,2.5,{}
2019-11-05 15:32:21.720309737,,,"{'A','W'}",-39.0,1.0,{}
